Id,Title,Body,Tags,CreationDate,Y
372,What is the difference between == and === operators in JavaScript?,"<p>I have been learning JavaScript and encountered both == and === operators. I understand that == checks for equality while === checks for strict equality, but I am confused about when to use each one.</p><p>For example:</p><code>console.log(1 == '1');  // true
console.log(1 === '1'); // false</code><p>Can someone explain the type coercion rules that == follows? Are there any best practices for which one to use in production code?</p>",<javascript><operators><comparison><type-coercion>,2020-03-24,HQ
456,How to properly implement authentication with JWT tokens in a Node.js API? [456],"<p>I am building a REST API with Node.js and Express, and I want to implement JWT-based authentication. I have a few concerns about security best practices:</p><p>1. Should I store the JWT in localStorage, sessionStorage, or an HTTP-only cookie?</p><p>2. How should I handle token refresh to maintain user sessions without forcing re-login?</p><p>3. What claims should I include in the payload?</p><p>Here is my current token generation:</p><code>const jwt = require('jsonwebtoken');
const token = jwt.sign({ userId: user.id }, process.env.SECRET, { expiresIn: '1h' });</code><p>Is a 1-hour expiration reasonable? How do I securely implement refresh tokens?</p>",<node.js><jwt><authentication><security><express>,2020-10-26,HQ
1140,error [140],<p>getting an error. why?</p>,,2020-10-02,LQ_CLOSE
1137,urgent!!! need answer now,<p>how do i fix this error??? its not working and i need to submit tomorrow. please help urgent</p>,<java>,2020-09-07,LQ_CLOSE
650,MySQL query not returning expected results,<p>I have a MySQL query that should return all users who signed up last month but it returns nothing. Here is my query:</p><code>SELECT * FROM users WHERE signup_date > '2024-01-01';</code><p>The table has data. What could be wrong?</p>,<mysql><sql><query>,2020-09-27,LQ_EDIT
287,Best practices for database indexing in PostgreSQL for query optimization? (approach 287),"<p>I have a PostgreSQL database with a table containing about 50 million rows. My queries are becoming slow, especially those with WHERE clauses on multiple columns and JOIN operations.</p><p>Current table structure:</p><code>CREATE TABLE orders (
    id SERIAL PRIMARY KEY,
    customer_id INT,
    product_id INT,
    order_date TIMESTAMP,
    total_amount DECIMAL(10,2),
    status VARCHAR(20)
);</code><p>I frequently query by customer_id, order_date ranges, and status. Should I create composite indexes? What is the impact on INSERT performance? How do I use EXPLAIN ANALYZE to identify bottlenecks?</p>",<postgresql><database><indexing><query-optimization><performance>,2020-09-13,HQ
854,MySQL query not returning expected results (approach 354),<p>I have a MySQL query that should return all users who signed up last month but it returns nothing. Here is my query:</p><code>SELECT * FROM users WHERE signup_date > '2024-01-01';</code><p>The table has data. What could be wrong?</p>,<mysql><sql><query>,2020-10-25,LQ_EDIT
247,How to properly implement authentication with JWT tokens in a Node.js API? (approach 247),"<p>I am building a REST API with Node.js and Express, and I want to implement JWT-based authentication. I have a few concerns about security best practices:</p><p>1. Should I store the JWT in localStorage, sessionStorage, or an HTTP-only cookie?</p><p>2. How should I handle token refresh to maintain user sessions without forcing re-login?</p><p>3. What claims should I include in the payload?</p><p>Here is my current token generation:</p><code>const jwt = require('jsonwebtoken');
const token = jwt.sign({ userId: user.id }, process.env.SECRET, { expiresIn: '1h' });</code><p>Is a 1-hour expiration reasonable? How do I securely implement refresh tokens?</p>",<node.js><jwt><authentication><security><express>,2020-05-06,HQ
424,What is the difference between == and === operators in JavaScript? - variant 424,"<p>I have been learning JavaScript and encountered both == and === operators. I understand that == checks for equality while === checks for strict equality, but I am confused about when to use each one.</p><p>For example:</p><code>console.log(1 == '1');  // true
console.log(1 === '1'); // false</code><p>Can someone explain the type coercion rules that == follows? Are there any best practices for which one to use in production code?</p>",<javascript><operators><comparison><type-coercion>,2020-09-18,HQ
586,Sort a list in Python,"<p>I need to sort a list in Python. I have tried using sort() but it doesn't seem to work for my case. My list contains both numbers and strings.</p><code>my_list = [3, 1, 'apple', 2, 'banana']</code><p>How can I sort this?</p>",<python><sorting><list>,2020-08-14,LQ_EDIT
296,How to properly implement authentication with JWT tokens in a Node.js API? [296],"<p>I am building a REST API with Node.js and Express, and I want to implement JWT-based authentication. I have a few concerns about security best practices:</p><p>1. Should I store the JWT in localStorage, sessionStorage, or an HTTP-only cookie?</p><p>2. How should I handle token refresh to maintain user sessions without forcing re-login?</p><p>3. What claims should I include in the payload?</p><p>Here is my current token generation:</p><code>const jwt = require('jsonwebtoken');
const token = jwt.sign({ userId: user.id }, process.env.SECRET, { expiresIn: '1h' });</code><p>Is a 1-hour expiration reasonable? How do I securely implement refresh tokens?</p>",<node.js><jwt><authentication><security><express>,2020-07-11,HQ
977,CSS flexbox not centering my div,"<p>I am trying to center a div using flexbox but it is not working. Here is my code:</p><code>.container {
  display: flex;
  justify-content: center;
}</code><p>The div still appears on the left side. What am I doing wrong?</p>",<css><flexbox><html><centering>,2020-02-23,LQ_EDIT
737,React component not re-rendering when state changes [237],"<p>My React component is not re-rendering when I update the state. I am using useState but the UI does not reflect the change.</p><code>const [items, setItems] = useState([1,2,3]);
items.push(4);
setItems(items);</code><p>Why is the component not updating?</p>",<react><state><re-render><hooks>,2020-08-24,LQ_EDIT
1460,python,<p>how to learn python fast</p>,<python>,2020-12-05,LQ_CLOSE
523,Sort a list in Python (approach 23),"<p>I need to sort a list in Python. I have tried using sort() but it doesn't seem to work for my case. My list contains both numbers and strings.</p><code>my_list = [3, 1, 'apple', 2, 'banana']</code><p>How can I sort this?</p>",<python><sorting><list>,2020-04-06,LQ_EDIT
1422,python [422],<p>how to learn python fast</p>,<python>,2020-01-17,LQ_CLOSE
497,Efficient way to find duplicates in a large list using Python?,"<p>I have a list of approximately 10 million strings and need to find all duplicate entries efficiently. My current approach uses a nested loop which has O(n^2) time complexity and takes too long.</p><p>Current approach:</p><code>duplicates = []
for i in range(len(data)):
    for j in range(i+1, len(data)):
        if data[i] == data[j]:
            duplicates.append(data[i])</code><p>I have considered using a set or dictionary for O(n) lookup. What would be the most memory-efficient approach for this scale of data? Should I consider using pandas or numpy for better performance?</p>",<python><performance><algorithms><duplicates><large-dataset>,2020-09-14,HQ
702,Git merge conflict - how to resolve?,"<p>I got a merge conflict when trying to merge my branch into main. The file shows these markers:</p><code><<<<<<< HEAD
my changes
=======
their changes
>>>>>>> feature-branch</code><p>How do I properly resolve this?</p>",<git><merge-conflict><version-control>,2020-06-25,LQ_EDIT
644,Docker container exits immediately after starting,<p>My Docker container starts and then immediately exits. I am running:</p><code>docker run my-app</code><p>When I check the logs there is nothing useful. The Dockerfile uses a Python base image. What could cause this behavior?</p>,<docker><container><python>,2020-09-17,LQ_EDIT
17,Efficient way to find duplicates in a large list using Python? [17],"<p>I have a list of approximately 10 million strings and need to find all duplicate entries efficiently. My current approach uses a nested loop which has O(n^2) time complexity and takes too long.</p><p>Current approach:</p><code>duplicates = []
for i in range(len(data)):
    for j in range(i+1, len(data)):
        if data[i] == data[j]:
            duplicates.append(data[i])</code><p>I have considered using a set or dictionary for O(n) lookup. What would be the most memory-efficient approach for this scale of data? Should I consider using pandas or numpy for better performance?</p>",<python><performance><algorithms><duplicates><large-dataset>,2020-07-22,HQ
1399,help plz,<p>my code doesnt work</p>,<python>,2020-09-01,LQ_CLOSE
376,How to handle CORS errors in a React app calling a REST API? (approach 376),"<p>I am building a React frontend that calls a Node.js Express backend API. When I make fetch requests from my React app (running on localhost:3000) to my API (running on localhost:5000), I get the following error:</p><code>Access to fetch at 'http://localhost:5000/api/data' from origin 'http://localhost:3000' has been blocked by CORS policy</code><p>I have tried adding the cors middleware to my Express server but the error persists. Here is my Express configuration:</p><code>const cors = require('cors');
app.use(cors());</code><p>What am I missing? Is there a way to configure CORS headers properly for both development and production environments?</p>",<javascript><react><cors><express><rest-api>,2020-08-11,HQ
1396,best programming language?,<p>which is the best programming language to learn? python or java or c++?</p>,<programming><career>,2020-08-28,LQ_CLOSE
916,MySQL query not returning expected results - variant 416,<p>I have a MySQL query that should return all users who signed up last month but it returns nothing. Here is my query:</p><code>SELECT * FROM users WHERE signup_date > '2024-01-01';</code><p>The table has data. What could be wrong?</p>,<mysql><sql><query>,2020-03-24,LQ_EDIT
473,Efficient way to find duplicates in a large list using Python?,"<p>I have a list of approximately 10 million strings and need to find all duplicate entries efficiently. My current approach uses a nested loop which has O(n^2) time complexity and takes too long.</p><p>Current approach:</p><code>duplicates = []
for i in range(len(data)):
    for j in range(i+1, len(data)):
        if data[i] == data[j]:
            duplicates.append(data[i])</code><p>I have considered using a set or dictionary for O(n) lookup. What would be the most memory-efficient approach for this scale of data? Should I consider using pandas or numpy for better performance?</p>",<python><performance><algorithms><duplicates><large-dataset>,2020-05-06,HQ
144,How to handle CORS errors in a React app calling a REST API? (approach 144),"<p>I am building a React frontend that calls a Node.js Express backend API. When I make fetch requests from my React app (running on localhost:3000) to my API (running on localhost:5000), I get the following error:</p><code>Access to fetch at 'http://localhost:5000/api/data' from origin 'http://localhost:3000' has been blocked by CORS policy</code><p>I have tried adding the cors middleware to my Express server but the error persists. Here is my Express configuration:</p><code>const cors = require('cors');
app.use(cors());</code><p>What am I missing? Is there a way to configure CORS headers properly for both development and production environments?</p>",<javascript><react><cors><express><rest-api>,2020-04-23,HQ
484,Understanding Python decorators with arguments - how do they work internally? [484],"<p>I understand basic Python decorators, but I am struggling with decorators that accept arguments. For example:</p><code>@my_decorator(arg1, arg2)
def my_function():
    pass</code><p>This seems to involve three levels of nested functions. Can someone break down the execution flow step by step? How does Python handle the difference between @my_decorator and @my_decorator(args)?</p><p>I am particularly confused about how functools.wraps plays into this and why it is recommended. A clear example with the execution order would be very helpful.</p>",<python><decorators><functions><metaprogramming>,2020-05-12,HQ
490,How does garbage collection work in Java and when does it run? (approach 490),"<p>I am trying to understand Java's garbage collection mechanism. Specifically, I want to know:</p><p>1. How does the JVM decide which objects are eligible for garbage collection?</p><p>2. What are the different garbage collection algorithms available (Serial, Parallel, G1, ZGC)?</p><p>3. Can I force garbage collection to run, or is it always at the JVM's discretion?</p><p>I have read that calling System.gc() is just a suggestion to the JVM. In a production environment with high memory usage, what GC tuning parameters should I consider?</p>",<java><garbage-collection><jvm><memory-management><performance>,2020-04-06,HQ
911,MySQL query not returning expected results (approach 411),<p>I have a MySQL query that should return all users who signed up last month but it returns nothing. Here is my query:</p><code>SELECT * FROM users WHERE signup_date > '2024-01-01';</code><p>The table has data. What could be wrong?</p>,<mysql><sql><query>,2020-07-05,LQ_EDIT
427,How to properly implement authentication with JWT tokens in a Node.js API?,"<p>I am building a REST API with Node.js and Express, and I want to implement JWT-based authentication. I have a few concerns about security best practices:</p><p>1. Should I store the JWT in localStorage, sessionStorage, or an HTTP-only cookie?</p><p>2. How should I handle token refresh to maintain user sessions without forcing re-login?</p><p>3. What claims should I include in the payload?</p><p>Here is my current token generation:</p><code>const jwt = require('jsonwebtoken');
const token = jwt.sign({ userId: user.id }, process.env.SECRET, { expiresIn: '1h' });</code><p>Is a 1-hour expiration reasonable? How do I securely implement refresh tokens?</p>",<node.js><jwt><authentication><security><express>,2020-08-21,HQ
1361,how to hack wifi,<p>how can i hack my neighbors wifi password using python??</p>,<python><wifi><hacking>,2020-07-21,LQ_CLOSE
703,How to read a file in Java?,"<p>I need to read a text file in Java. I found several ways to do it (BufferedReader, Scanner, Files.readAllLines) but I am not sure which one to use. Can someone suggest the best approach for reading a large text file line by line?</p>",<java><file-io><reading>,2020-04-07,LQ_EDIT
428,What is the difference between == and === operators in JavaScript?,"<p>I have been learning JavaScript and encountered both == and === operators. I understand that == checks for equality while === checks for strict equality, but I am confused about when to use each one.</p><p>For example:</p><code>console.log(1 == '1');  // true
console.log(1 === '1'); // false</code><p>Can someone explain the type coercion rules that == follows? Are there any best practices for which one to use in production code?</p>",<javascript><operators><comparison><type-coercion>,2020-01-23,HQ
347,How to properly implement authentication with JWT tokens in a Node.js API? - variant 347,"<p>I am building a REST API with Node.js and Express, and I want to implement JWT-based authentication. I have a few concerns about security best practices:</p><p>1. Should I store the JWT in localStorage, sessionStorage, or an HTTP-only cookie?</p><p>2. How should I handle token refresh to maintain user sessions without forcing re-login?</p><p>3. What claims should I include in the payload?</p><p>Here is my current token generation:</p><code>const jwt = require('jsonwebtoken');
const token = jwt.sign({ userId: user.id }, process.env.SECRET, { expiresIn: '1h' });</code><p>Is a 1-hour expiration reasonable? How do I securely implement refresh tokens?</p>",<node.js><jwt><authentication><security><express>,2020-06-13,HQ
573,CSS flexbox not centering my div,"<p>I am trying to center a div using flexbox but it is not working. Here is my code:</p><code>.container {
  display: flex;
  justify-content: center;
}</code><p>The div still appears on the left side. What am I doing wrong?</p>",<css><flexbox><html><centering>,2020-02-28,LQ_EDIT
113,Understanding Python decorators with arguments - how do they work internally? - variant 113,"<p>I understand basic Python decorators, but I am struggling with decorators that accept arguments. For example:</p><code>@my_decorator(arg1, arg2)
def my_function():
    pass</code><p>This seems to involve three levels of nested functions. Can someone break down the execution flow step by step? How does Python handle the difference between @my_decorator and @my_decorator(args)?</p><p>I am particularly confused about how functools.wraps plays into this and why it is recommended. A clear example with the execution order would be very helpful.</p>",<python><decorators><functions><metaprogramming>,2020-06-04,HQ
141,Best practices for database indexing in PostgreSQL for query optimization?,"<p>I have a PostgreSQL database with a table containing about 50 million rows. My queries are becoming slow, especially those with WHERE clauses on multiple columns and JOIN operations.</p><p>Current table structure:</p><code>CREATE TABLE orders (
    id SERIAL PRIMARY KEY,
    customer_id INT,
    product_id INT,
    order_date TIMESTAMP,
    total_amount DECIMAL(10,2),
    status VARCHAR(20)
);</code><p>I frequently query by customer_id, order_date ranges, and status. Should I create composite indexes? What is the impact on INSERT performance? How do I use EXPLAIN ANALYZE to identify bottlenecks?</p>",<postgresql><database><indexing><query-optimization><performance>,2020-02-10,HQ
1142,python (approach 142),<p>how to learn python fast</p>,<python>,2020-08-26,LQ_CLOSE
868,How to read a file in Java? [368],"<p>I need to read a text file in Java. I found several ways to do it (BufferedReader, Scanner, Files.readAllLines) but I am not sure which one to use. Can someone suggest the best approach for reading a large text file line by line?</p>",<java><file-io><reading>,2020-05-09,LQ_EDIT
525,Python error: list index out of range (approach 25),"<p>I keep getting an IndexError when I try to access elements in my list. My code loops through a list and tries to access the next element:</p><code>for i in range(len(my_list)):
    print(my_list[i+1])</code><p>Why does this happen and how do I fix it?</p>",<python><error><list><indexerror>,2020-10-24,LQ_EDIT
1463,is this good,<p>is my code good?</p>,<code-review>,2020-05-23,LQ_CLOSE
646,How to read a file in Java? [146],"<p>I need to read a text file in Java. I found several ways to do it (BufferedReader, Scanner, Files.readAllLines) but I am not sure which one to use. Can someone suggest the best approach for reading a large text file line by line?</p>",<java><file-io><reading>,2020-12-28,LQ_EDIT
945,Python error: list index out of range,"<p>I keep getting an IndexError when I try to access elements in my list. My code loops through a list and tries to access the next element:</p><code>for i in range(len(my_list)):
    print(my_list[i+1])</code><p>Why does this happen and how do I fix it?</p>",<python><error><list><indexerror>,2020-07-12,LQ_EDIT
288,How to handle CORS errors in a React app calling a REST API?,"<p>I am building a React frontend that calls a Node.js Express backend API. When I make fetch requests from my React app (running on localhost:3000) to my API (running on localhost:5000), I get the following error:</p><code>Access to fetch at 'http://localhost:5000/api/data' from origin 'http://localhost:3000' has been blocked by CORS policy</code><p>I have tried adding the cors middleware to my Express server but the error persists. Here is my Express configuration:</p><code>const cors = require('cors');
app.use(cors());</code><p>What am I missing? Is there a way to configure CORS headers properly for both development and production environments?</p>",<javascript><react><cors><express><rest-api>,2020-08-26,HQ
360,How to properly implement authentication with JWT tokens in a Node.js API? - variant 360,"<p>I am building a REST API with Node.js and Express, and I want to implement JWT-based authentication. I have a few concerns about security best practices:</p><p>1. Should I store the JWT in localStorage, sessionStorage, or an HTTP-only cookie?</p><p>2. How should I handle token refresh to maintain user sessions without forcing re-login?</p><p>3. What claims should I include in the payload?</p><p>Here is my current token generation:</p><code>const jwt = require('jsonwebtoken');
const token = jwt.sign({ userId: user.id }, process.env.SECRET, { expiresIn: '1h' });</code><p>Is a 1-hour expiration reasonable? How do I securely implement refresh tokens?</p>",<node.js><jwt><authentication><security><express>,2020-09-19,HQ
118,What is the difference between == and === operators in JavaScript?,"<p>I have been learning JavaScript and encountered both == and === operators. I understand that == checks for equality while === checks for strict equality, but I am confused about when to use each one.</p><p>For example:</p><code>console.log(1 == '1');  // true
console.log(1 === '1'); // false</code><p>Can someone explain the type coercion rules that == follows? Are there any best practices for which one to use in production code?</p>",<javascript><operators><comparison><type-coercion>,2020-08-25,HQ
1121,HEEELP (approach 121),<p>nothing works!!!</p>,,2020-12-04,LQ_CLOSE
103,How does garbage collection work in Java and when does it run? (approach 103),"<p>I am trying to understand Java's garbage collection mechanism. Specifically, I want to know:</p><p>1. How does the JVM decide which objects are eligible for garbage collection?</p><p>2. What are the different garbage collection algorithms available (Serial, Parallel, G1, ZGC)?</p><p>3. Can I force garbage collection to run, or is it always at the JVM's discretion?</p><p>I have read that calling System.gc() is just a suggestion to the JVM. In a production environment with high memory usage, what GC tuning parameters should I consider?</p>",<java><garbage-collection><jvm><memory-management><performance>,2020-10-28,HQ
745,Sort a list in Python - variant 245,"<p>I need to sort a list in Python. I have tried using sort() but it doesn't seem to work for my case. My list contains both numbers and strings.</p><code>my_list = [3, 1, 'apple', 2, 'banana']</code><p>How can I sort this?</p>",<python><sorting><list>,2020-04-28,LQ_EDIT
1332,plz send me the code,<p>i need to make a website. can someone send me the full code? i dont know html</p>,<html><website>,2020-04-26,LQ_CLOSE
207,Efficient way to find duplicates in a large list using Python?,"<p>I have a list of approximately 10 million strings and need to find all duplicate entries efficiently. My current approach uses a nested loop which has O(n^2) time complexity and takes too long.</p><p>Current approach:</p><code>duplicates = []
for i in range(len(data)):
    for j in range(i+1, len(data)):
        if data[i] == data[j]:
            duplicates.append(data[i])</code><p>I have considered using a set or dictionary for O(n) lookup. What would be the most memory-efficient approach for this scale of data? Should I consider using pandas or numpy for better performance?</p>",<python><performance><algorithms><duplicates><large-dataset>,2020-12-24,HQ
181,How does garbage collection work in Java and when does it run? - variant 181,"<p>I am trying to understand Java's garbage collection mechanism. Specifically, I want to know:</p><p>1. How does the JVM decide which objects are eligible for garbage collection?</p><p>2. What are the different garbage collection algorithms available (Serial, Parallel, G1, ZGC)?</p><p>3. Can I force garbage collection to run, or is it always at the JVM's discretion?</p><p>I have read that calling System.gc() is just a suggestion to the JVM. In a production environment with high memory usage, what GC tuning parameters should I consider?</p>",<java><garbage-collection><jvm><memory-management><performance>,2020-11-10,HQ
380,How to handle CORS errors in a React app calling a REST API? (approach 380),"<p>I am building a React frontend that calls a Node.js Express backend API. When I make fetch requests from my React app (running on localhost:3000) to my API (running on localhost:5000), I get the following error:</p><code>Access to fetch at 'http://localhost:5000/api/data' from origin 'http://localhost:3000' has been blocked by CORS policy</code><p>I have tried adding the cors middleware to my Express server but the error persists. Here is my Express configuration:</p><code>const cors = require('cors');
app.use(cors());</code><p>What am I missing? Is there a way to configure CORS headers properly for both development and production environments?</p>",<javascript><react><cors><express><rest-api>,2020-01-10,HQ
432,How to handle CORS errors in a React app calling a REST API? - variant 432,"<p>I am building a React frontend that calls a Node.js Express backend API. When I make fetch requests from my React app (running on localhost:3000) to my API (running on localhost:5000), I get the following error:</p><code>Access to fetch at 'http://localhost:5000/api/data' from origin 'http://localhost:3000' has been blocked by CORS policy</code><p>I have tried adding the cors middleware to my Express server but the error persists. Here is my Express configuration:</p><code>const cors = require('cors');
app.use(cors());</code><p>What am I missing? Is there a way to configure CORS headers properly for both development and production environments?</p>",<javascript><react><cors><express><rest-api>,2020-03-08,HQ
1184,how to hack wifi,<p>how can i hack my neighbors wifi password using python??</p>,<python><wifi><hacking>,2020-04-11,LQ_CLOSE
726,Python error: list index out of range (approach 226),"<p>I keep getting an IndexError when I try to access elements in my list. My code loops through a list and tries to access the next element:</p><code>for i in range(len(my_list)):
    print(my_list[i+1])</code><p>Why does this happen and how do I fix it?</p>",<python><error><list><indexerror>,2020-03-17,LQ_EDIT
516,CSS flexbox not centering my div [16],"<p>I am trying to center a div using flexbox but it is not working. Here is my code:</p><code>.container {
  display: flex;
  justify-content: center;
}</code><p>The div still appears on the left side. What am I doing wrong?</p>",<css><flexbox><html><centering>,2020-09-28,LQ_EDIT
663,Python error: list index out of range (approach 163),"<p>I keep getting an IndexError when I try to access elements in my list. My code loops through a list and tries to access the next element:</p><code>for i in range(len(my_list)):
    print(my_list[i+1])</code><p>Why does this happen and how do I fix it?</p>",<python><error><list><indexerror>,2020-10-24,LQ_EDIT
605,CSS flexbox not centering my div (approach 105),"<p>I am trying to center a div using flexbox but it is not working. Here is my code:</p><code>.container {
  display: flex;
  justify-content: center;
}</code><p>The div still appears on the left side. What am I doing wrong?</p>",<css><flexbox><html><centering>,2020-05-11,LQ_EDIT
801,CSS flexbox not centering my div [301],"<p>I am trying to center a div using flexbox but it is not working. Here is my code:</p><code>.container {
  display: flex;
  justify-content: center;
}</code><p>The div still appears on the left side. What am I doing wrong?</p>",<css><flexbox><html><centering>,2020-02-10,LQ_EDIT
212,How to handle CORS errors in a React app calling a REST API? - variant 212,"<p>I am building a React frontend that calls a Node.js Express backend API. When I make fetch requests from my React app (running on localhost:3000) to my API (running on localhost:5000), I get the following error:</p><code>Access to fetch at 'http://localhost:5000/api/data' from origin 'http://localhost:3000' has been blocked by CORS policy</code><p>I have tried adding the cors middleware to my Express server but the error persists. Here is my Express configuration:</p><code>const cors = require('cors');
app.use(cors());</code><p>What am I missing? Is there a way to configure CORS headers properly for both development and production environments?</p>",<javascript><react><cors><express><rest-api>,2020-08-11,HQ
1186,urgent!!! need answer now (approach 186),<p>how do i fix this error??? its not working and i need to submit tomorrow. please help urgent</p>,<java>,2020-05-13,LQ_CLOSE
162,What is the difference between == and === operators in JavaScript?,"<p>I have been learning JavaScript and encountered both == and === operators. I understand that == checks for equality while === checks for strict equality, but I am confused about when to use each one.</p><p>For example:</p><code>console.log(1 == '1');  // true
console.log(1 === '1'); // false</code><p>Can someone explain the type coercion rules that == follows? Are there any best practices for which one to use in production code?</p>",<javascript><operators><comparison><type-coercion>,2020-09-17,HQ
522,Git merge conflict - how to resolve? - variant 22,"<p>I got a merge conflict when trying to merge my branch into main. The file shows these markers:</p><code><<<<<<< HEAD
my changes
=======
their changes
>>>>>>> feature-branch</code><p>How do I properly resolve this?</p>",<git><merge-conflict><version-control>,2020-05-15,LQ_EDIT
770,Git merge conflict - how to resolve? (approach 270),"<p>I got a merge conflict when trying to merge my branch into main. The file shows these markers:</p><code><<<<<<< HEAD
my changes
=======
their changes
>>>>>>> feature-branch</code><p>How do I properly resolve this?</p>",<git><merge-conflict><version-control>,2020-12-07,LQ_EDIT
664,Docker container exits immediately after starting - variant 164,<p>My Docker container starts and then immediately exits. I am running:</p><code>docker run my-app</code><p>When I check the logs there is nothing useful. The Dockerfile uses a Python base image. What could cause this behavior?</p>,<docker><container><python>,2020-03-03,LQ_EDIT
603,Sort a list in Python,"<p>I need to sort a list in Python. I have tried using sort() but it doesn't seem to work for my case. My list contains both numbers and strings.</p><code>my_list = [3, 1, 'apple', 2, 'banana']</code><p>How can I sort this?</p>",<python><sorting><list>,2020-12-16,LQ_EDIT
865,Sort a list in Python - variant 365,"<p>I need to sort a list in Python. I have tried using sort() but it doesn't seem to work for my case. My list contains both numbers and strings.</p><code>my_list = [3, 1, 'apple', 2, 'banana']</code><p>How can I sort this?</p>",<python><sorting><list>,2020-05-20,LQ_EDIT
1415,need project - variant 415,<p>can someone give me a python project for my college assignment? it should be easy and about machine learning</p>,<python><machine-learning><project>,2020-12-07,LQ_CLOSE
561,Git merge conflict - how to resolve?,"<p>I got a merge conflict when trying to merge my branch into main. The file shows these markers:</p><code><<<<<<< HEAD
my changes
=======
their changes
>>>>>>> feature-branch</code><p>How do I properly resolve this?</p>",<git><merge-conflict><version-control>,2020-12-07,LQ_EDIT
102,Understanding Python decorators with arguments - how do they work internally? (approach 102),"<p>I understand basic Python decorators, but I am struggling with decorators that accept arguments. For example:</p><code>@my_decorator(arg1, arg2)
def my_function():
    pass</code><p>This seems to involve three levels of nested functions. Can someone break down the execution flow step by step? How does Python handle the difference between @my_decorator and @my_decorator(args)?</p><p>I am particularly confused about how functools.wraps plays into this and why it is recommended. A clear example with the execution order would be very helpful.</p>",<python><decorators><functions><metaprogramming>,2020-04-13,HQ
284,How to properly implement authentication with JWT tokens in a Node.js API? (approach 284),"<p>I am building a REST API with Node.js and Express, and I want to implement JWT-based authentication. I have a few concerns about security best practices:</p><p>1. Should I store the JWT in localStorage, sessionStorage, or an HTTP-only cookie?</p><p>2. How should I handle token refresh to maintain user sessions without forcing re-login?</p><p>3. What claims should I include in the payload?</p><p>Here is my current token generation:</p><code>const jwt = require('jsonwebtoken');
const token = jwt.sign({ userId: user.id }, process.env.SECRET, { expiresIn: '1h' });</code><p>Is a 1-hour expiration reasonable? How do I securely implement refresh tokens?</p>",<node.js><jwt><authentication><security><express>,2020-05-28,HQ
264,How to implement a binary search tree in Python with O(log n) lookup?,"<p>I am working on a data structures course and need to implement a binary search tree (BST) in Python. I need the tree to support insertion, deletion, and lookup operations with O(log n) average time complexity.</p><p>Here is what I have so far:</p><code>class Node:
    def __init__(self, key):
        self.left = None
        self.right = None
        self.val = key</code><p>How can I implement the lookup method efficiently? I have read about balanced BSTs like AVL trees - would that be necessary for guaranteed O(log n)?</p>",<python><data-structures><binary-search-tree><algorithm>,2020-11-22,HQ
596,MySQL query not returning expected results - variant 96,<p>I have a MySQL query that should return all users who signed up last month but it returns nothing. Here is my query:</p><code>SELECT * FROM users WHERE signup_date > '2024-01-01';</code><p>The table has data. What could be wrong?</p>,<mysql><sql><query>,2020-11-22,LQ_EDIT
735,MySQL query not returning expected results,<p>I have a MySQL query that should return all users who signed up last month but it returns nothing. Here is my query:</p><code>SELECT * FROM users WHERE signup_date > '2024-01-01';</code><p>The table has data. What could be wrong?</p>,<mysql><sql><query>,2020-06-07,LQ_EDIT
443,Efficient way to find duplicates in a large list using Python?,"<p>I have a list of approximately 10 million strings and need to find all duplicate entries efficiently. My current approach uses a nested loop which has O(n^2) time complexity and takes too long.</p><p>Current approach:</p><code>duplicates = []
for i in range(len(data)):
    for j in range(i+1, len(data)):
        if data[i] == data[j]:
            duplicates.append(data[i])</code><p>I have considered using a set or dictionary for O(n) lookup. What would be the most memory-efficient approach for this scale of data? Should I consider using pandas or numpy for better performance?</p>",<python><performance><algorithms><duplicates><large-dataset>,2020-06-13,HQ
218,Best practices for database indexing in PostgreSQL for query optimization?,"<p>I have a PostgreSQL database with a table containing about 50 million rows. My queries are becoming slow, especially those with WHERE clauses on multiple columns and JOIN operations.</p><p>Current table structure:</p><code>CREATE TABLE orders (
    id SERIAL PRIMARY KEY,
    customer_id INT,
    product_id INT,
    order_date TIMESTAMP,
    total_amount DECIMAL(10,2),
    status VARCHAR(20)
);</code><p>I frequently query by customer_id, order_date ranges, and status. Should I create composite indexes? What is the impact on INSERT performance? How do I use EXPLAIN ANALYZE to identify bottlenecks?</p>",<postgresql><database><indexing><query-optimization><performance>,2020-08-04,HQ
174,How to properly implement authentication with JWT tokens in a Node.js API?,"<p>I am building a REST API with Node.js and Express, and I want to implement JWT-based authentication. I have a few concerns about security best practices:</p><p>1. Should I store the JWT in localStorage, sessionStorage, or an HTTP-only cookie?</p><p>2. How should I handle token refresh to maintain user sessions without forcing re-login?</p><p>3. What claims should I include in the payload?</p><p>Here is my current token generation:</p><code>const jwt = require('jsonwebtoken');
const token = jwt.sign({ userId: user.id }, process.env.SECRET, { expiresIn: '1h' });</code><p>Is a 1-hour expiration reasonable? How do I securely implement refresh tokens?</p>",<node.js><jwt><authentication><security><express>,2020-02-09,HQ
1153,how to hack wifi,<p>how can i hack my neighbors wifi password using python??</p>,<python><wifi><hacking>,2020-05-25,LQ_CLOSE
310,How to handle CORS errors in a React app calling a REST API? - variant 310,"<p>I am building a React frontend that calls a Node.js Express backend API. When I make fetch requests from my React app (running on localhost:3000) to my API (running on localhost:5000), I get the following error:</p><code>Access to fetch at 'http://localhost:5000/api/data' from origin 'http://localhost:3000' has been blocked by CORS policy</code><p>I have tried adding the cors middleware to my Express server but the error persists. Here is my Express configuration:</p><code>const cors = require('cors');
app.use(cors());</code><p>What am I missing? Is there a way to configure CORS headers properly for both development and production environments?</p>",<javascript><react><cors><express><rest-api>,2020-09-02,HQ
1344,how to hack wifi - variant 344,<p>how can i hack my neighbors wifi password using python??</p>,<python><wifi><hacking>,2020-01-12,LQ_CLOSE
1009,what? - variant 9,<p>what is the difference?</p>,,2020-12-18,LQ_CLOSE
80,Efficient way to find duplicates in a large list using Python? - variant 80,"<p>I have a list of approximately 10 million strings and need to find all duplicate entries efficiently. My current approach uses a nested loop which has O(n^2) time complexity and takes too long.</p><p>Current approach:</p><code>duplicates = []
for i in range(len(data)):
    for j in range(i+1, len(data)):
        if data[i] == data[j]:
            duplicates.append(data[i])</code><p>I have considered using a set or dictionary for O(n) lookup. What would be the most memory-efficient approach for this scale of data? Should I consider using pandas or numpy for better performance?</p>",<python><performance><algorithms><duplicates><large-dataset>,2020-05-27,HQ
266,What is the difference between == and === operators in JavaScript? [266],"<p>I have been learning JavaScript and encountered both == and === operators. I understand that == checks for equality while === checks for strict equality, but I am confused about when to use each one.</p><p>For example:</p><code>console.log(1 == '1');  // true
console.log(1 === '1'); // false</code><p>Can someone explain the type coercion rules that == follows? Are there any best practices for which one to use in production code?</p>",<javascript><operators><comparison><type-coercion>,2020-07-03,HQ
772,Git merge conflict - how to resolve?,"<p>I got a merge conflict when trying to merge my branch into main. The file shows these markers:</p><code><<<<<<< HEAD
my changes
=======
their changes
>>>>>>> feature-branch</code><p>How do I properly resolve this?</p>",<git><merge-conflict><version-control>,2020-07-19,LQ_EDIT
1021,plz send me the code (approach 21),<p>i need to make a website. can someone send me the full code? i dont know html</p>,<html><website>,2020-04-07,LQ_CLOSE
700,How to read a file in Java?,"<p>I need to read a text file in Java. I found several ways to do it (BufferedReader, Scanner, Files.readAllLines) but I am not sure which one to use. Can someone suggest the best approach for reading a large text file line by line?</p>",<java><file-io><reading>,2020-08-07,LQ_EDIT
308,How to implement a binary search tree in Python with O(log n) lookup?,"<p>I am working on a data structures course and need to implement a binary search tree (BST) in Python. I need the tree to support insertion, deletion, and lookup operations with O(log n) average time complexity.</p><p>Here is what I have so far:</p><code>class Node:
    def __init__(self, key):
        self.left = None
        self.right = None
        self.val = key</code><p>How can I implement the lookup method efficiently? I have read about balanced BSTs like AVL trees - would that be necessary for guaranteed O(log n)?</p>",<python><data-structures><binary-search-tree><algorithm>,2020-06-13,HQ
751,CSS flexbox not centering my div,"<p>I am trying to center a div using flexbox but it is not working. Here is my code:</p><code>.container {
  display: flex;
  justify-content: center;
}</code><p>The div still appears on the left side. What am I doing wrong?</p>",<css><flexbox><html><centering>,2020-06-12,LQ_EDIT
1308,python,<p>how to learn python fast</p>,<python>,2020-04-11,LQ_CLOSE
367,How to implement a binary search tree in Python with O(log n) lookup?,"<p>I am working on a data structures course and need to implement a binary search tree (BST) in Python. I need the tree to support insertion, deletion, and lookup operations with O(log n) average time complexity.</p><p>Here is what I have so far:</p><code>class Node:
    def __init__(self, key):
        self.left = None
        self.right = None
        self.val = key</code><p>How can I implement the lookup method efficiently? I have read about balanced BSTs like AVL trees - would that be necessary for guaranteed O(log n)?</p>",<python><data-structures><binary-search-tree><algorithm>,2020-11-27,HQ
582,How to read a file in Java? (approach 82),"<p>I need to read a text file in Java. I found several ways to do it (BufferedReader, Scanner, Files.readAllLines) but I am not sure which one to use. Can someone suggest the best approach for reading a large text file line by line?</p>",<java><file-io><reading>,2020-02-08,LQ_EDIT
592,Python error: list index out of range - variant 92,"<p>I keep getting an IndexError when I try to access elements in my list. My code loops through a list and tries to access the next element:</p><code>for i in range(len(my_list)):
    print(my_list[i+1])</code><p>Why does this happen and how do I fix it?</p>",<python><error><list><indexerror>,2020-10-13,LQ_EDIT
967,How to read a file in Java?,"<p>I need to read a text file in Java. I found several ways to do it (BufferedReader, Scanner, Files.readAllLines) but I am not sure which one to use. Can someone suggest the best approach for reading a large text file line by line?</p>",<java><file-io><reading>,2020-10-12,LQ_EDIT
855,Docker container exits immediately after starting,<p>My Docker container starts and then immediately exits. I am running:</p><code>docker run my-app</code><p>When I check the logs there is nothing useful. The Dockerfile uses a Python base image. What could cause this behavior?</p>,<docker><container><python>,2020-10-16,LQ_EDIT
1159,error (approach 159),<p>getting an error. why?</p>,,2020-01-08,LQ_CLOSE
142,What is the difference between == and === operators in JavaScript?,"<p>I have been learning JavaScript and encountered both == and === operators. I understand that == checks for equality while === checks for strict equality, but I am confused about when to use each one.</p><p>For example:</p><code>console.log(1 == '1');  // true
console.log(1 === '1'); // false</code><p>Can someone explain the type coercion rules that == follows? Are there any best practices for which one to use in production code?</p>",<javascript><operators><comparison><type-coercion>,2020-10-17,HQ
41,Best practices for database indexing in PostgreSQL for query optimization?,"<p>I have a PostgreSQL database with a table containing about 50 million rows. My queries are becoming slow, especially those with WHERE clauses on multiple columns and JOIN operations.</p><p>Current table structure:</p><code>CREATE TABLE orders (
    id SERIAL PRIMARY KEY,
    customer_id INT,
    product_id INT,
    order_date TIMESTAMP,
    total_amount DECIMAL(10,2),
    status VARCHAR(20)
);</code><p>I frequently query by customer_id, order_date ranges, and status. Should I create composite indexes? What is the impact on INSERT performance? How do I use EXPLAIN ANALYZE to identify bottlenecks?</p>",<postgresql><database><indexing><query-optimization><performance>,2020-10-17,HQ
1389,is this good [389],<p>is my code good?</p>,<code-review>,2020-07-24,LQ_CLOSE
631,MySQL query not returning expected results [131],<p>I have a MySQL query that should return all users who signed up last month but it returns nothing. Here is my query:</p><code>SELECT * FROM users WHERE signup_date > '2024-01-01';</code><p>The table has data. What could be wrong?</p>,<mysql><sql><query>,2020-07-04,LQ_EDIT
828,Sort a list in Python [328],"<p>I need to sort a list in Python. I have tried using sort() but it doesn't seem to work for my case. My list contains both numbers and strings.</p><code>my_list = [3, 1, 'apple', 2, 'banana']</code><p>How can I sort this?</p>",<python><sorting><list>,2020-01-26,LQ_EDIT
738,Docker container exits immediately after starting - variant 238,<p>My Docker container starts and then immediately exits. I am running:</p><code>docker run my-app</code><p>When I check the logs there is nothing useful. The Dockerfile uses a Python base image. What could cause this behavior?</p>,<docker><container><python>,2020-09-21,LQ_EDIT
378,Understanding Python decorators with arguments - how do they work internally?,"<p>I understand basic Python decorators, but I am struggling with decorators that accept arguments. For example:</p><code>@my_decorator(arg1, arg2)
def my_function():
    pass</code><p>This seems to involve three levels of nested functions. Can someone break down the execution flow step by step? How does Python handle the difference between @my_decorator and @my_decorator(args)?</p><p>I am particularly confused about how functools.wraps plays into this and why it is recommended. A clear example with the execution order would be very helpful.</p>",<python><decorators><functions><metaprogramming>,2020-01-02,HQ
861,Python error: list index out of range [361],"<p>I keep getting an IndexError when I try to access elements in my list. My code loops through a list and tries to access the next element:</p><code>for i in range(len(my_list)):
    print(my_list[i+1])</code><p>Why does this happen and how do I fix it?</p>",<python><error><list><indexerror>,2020-06-27,LQ_EDIT
1165,best programming language?,<p>which is the best programming language to learn? python or java or c++?</p>,<programming><career>,2020-05-02,LQ_CLOSE
1014,need project [14],<p>can someone give me a python project for my college assignment? it should be easy and about machine learning</p>,<python><machine-learning><project>,2020-08-01,LQ_CLOSE
1019,code not working,<p>i wrote some code but it doesnt work. can someone fix it for me?</p>,<python>,2020-03-24,LQ_CLOSE
387,How to implement a binary search tree in Python with O(log n) lookup?,"<p>I am working on a data structures course and need to implement a binary search tree (BST) in Python. I need the tree to support insertion, deletion, and lookup operations with O(log n) average time complexity.</p><p>Here is what I have so far:</p><code>class Node:
    def __init__(self, key):
        self.left = None
        self.right = None
        self.val = key</code><p>How can I implement the lookup method efficiently? I have read about balanced BSTs like AVL trees - would that be necessary for guaranteed O(log n)?</p>",<python><data-structures><binary-search-tree><algorithm>,2020-08-07,HQ
1007,is this good,<p>is my code good?</p>,<code-review>,2020-04-22,LQ_CLOSE
791,MySQL query not returning expected results (approach 291),<p>I have a MySQL query that should return all users who signed up last month but it returns nothing. Here is my query:</p><code>SELECT * FROM users WHERE signup_date > '2024-01-01';</code><p>The table has data. What could be wrong?</p>,<mysql><sql><query>,2020-01-07,LQ_EDIT
660,MySQL query not returning expected results,<p>I have a MySQL query that should return all users who signed up last month but it returns nothing. Here is my query:</p><code>SELECT * FROM users WHERE signup_date > '2024-01-01';</code><p>The table has data. What could be wrong?</p>,<mysql><sql><query>,2020-10-18,LQ_EDIT
941,CSS flexbox not centering my div,"<p>I am trying to center a div using flexbox but it is not working. Here is my code:</p><code>.container {
  display: flex;
  justify-content: center;
}</code><p>The div still appears on the left side. What am I doing wrong?</p>",<css><flexbox><html><centering>,2020-03-15,LQ_EDIT
748,React component not re-rendering when state changes (approach 248),"<p>My React component is not re-rendering when I update the state. I am using useState but the UI does not reflect the change.</p><code>const [items, setItems] = useState([1,2,3]);
items.push(4);
setItems(items);</code><p>Why is the component not updating?</p>",<react><state><re-render><hooks>,2020-02-14,LQ_EDIT
77,What is the difference between == and === operators in JavaScript? - variant 77,"<p>I have been learning JavaScript and encountered both == and === operators. I understand that == checks for equality while === checks for strict equality, but I am confused about when to use each one.</p><p>For example:</p><code>console.log(1 == '1');  // true
console.log(1 === '1'); // false</code><p>Can someone explain the type coercion rules that == follows? Are there any best practices for which one to use in production code?</p>",<javascript><operators><comparison><type-coercion>,2020-11-07,HQ
541,MySQL query not returning expected results,<p>I have a MySQL query that should return all users who signed up last month but it returns nothing. Here is my query:</p><code>SELECT * FROM users WHERE signup_date > '2024-01-01';</code><p>The table has data. What could be wrong?</p>,<mysql><sql><query>,2020-10-07,LQ_EDIT
642,Git merge conflict - how to resolve?,"<p>I got a merge conflict when trying to merge my branch into main. The file shows these markers:</p><code><<<<<<< HEAD
my changes
=======
their changes
>>>>>>> feature-branch</code><p>How do I properly resolve this?</p>",<git><merge-conflict><version-control>,2020-10-18,LQ_EDIT
1272,urgent!!! need answer now [272],<p>how do i fix this error??? its not working and i need to submit tomorrow. please help urgent</p>,<java>,2020-06-28,LQ_CLOSE
56,Understanding Python decorators with arguments - how do they work internally? - variant 56,"<p>I understand basic Python decorators, but I am struggling with decorators that accept arguments. For example:</p><code>@my_decorator(arg1, arg2)
def my_function():
    pass</code><p>This seems to involve three levels of nested functions. Can someone break down the execution flow step by step? How does Python handle the difference between @my_decorator and @my_decorator(args)?</p><p>I am particularly confused about how functools.wraps plays into this and why it is recommended. A clear example with the execution order would be very helpful.</p>",<python><decorators><functions><metaprogramming>,2020-10-18,HQ
538,Docker container exits immediately after starting [38],<p>My Docker container starts and then immediately exits. I am running:</p><code>docker run my-app</code><p>When I check the logs there is nothing useful. The Dockerfile uses a Python base image. What could cause this behavior?</p>,<docker><container><python>,2020-05-27,LQ_EDIT
1362,how to hack wifi,<p>how can i hack my neighbors wifi password using python??</p>,<python><wifi><hacking>,2020-09-12,LQ_CLOSE
1328,how to hack wifi,<p>how can i hack my neighbors wifi password using python??</p>,<python><wifi><hacking>,2020-06-25,LQ_CLOSE
465,How to implement a binary search tree in Python with O(log n) lookup?,"<p>I am working on a data structures course and need to implement a binary search tree (BST) in Python. I need the tree to support insertion, deletion, and lookup operations with O(log n) average time complexity.</p><p>Here is what I have so far:</p><code>class Node:
    def __init__(self, key):
        self.left = None
        self.right = None
        self.val = key</code><p>How can I implement the lookup method efficiently? I have read about balanced BSTs like AVL trees - would that be necessary for guaranteed O(log n)?</p>",<python><data-structures><binary-search-tree><algorithm>,2020-09-17,HQ
1474,urgent!!! need answer now,<p>how do i fix this error??? its not working and i need to submit tomorrow. please help urgent</p>,<java>,2020-10-01,LQ_CLOSE
638,CSS flexbox not centering my div - variant 138,"<p>I am trying to center a div using flexbox but it is not working. Here is my code:</p><code>.container {
  display: flex;
  justify-content: center;
}</code><p>The div still appears on the left side. What am I doing wrong?</p>",<css><flexbox><html><centering>,2020-02-05,LQ_EDIT
47,How to implement a binary search tree in Python with O(log n) lookup? (approach 47),"<p>I am working on a data structures course and need to implement a binary search tree (BST) in Python. I need the tree to support insertion, deletion, and lookup operations with O(log n) average time complexity.</p><p>Here is what I have so far:</p><code>class Node:
    def __init__(self, key):
        self.left = None
        self.right = None
        self.val = key</code><p>How can I implement the lookup method efficiently? I have read about balanced BSTs like AVL trees - would that be necessary for guaranteed O(log n)?</p>",<python><data-structures><binary-search-tree><algorithm>,2020-04-16,HQ
411,How does garbage collection work in Java and when does it run?,"<p>I am trying to understand Java's garbage collection mechanism. Specifically, I want to know:</p><p>1. How does the JVM decide which objects are eligible for garbage collection?</p><p>2. What are the different garbage collection algorithms available (Serial, Parallel, G1, ZGC)?</p><p>3. Can I force garbage collection to run, or is it always at the JVM's discretion?</p><p>I have read that calling System.gc() is just a suggestion to the JVM. In a production environment with high memory usage, what GC tuning parameters should I consider?</p>",<java><garbage-collection><jvm><memory-management><performance>,2020-01-17,HQ
431,How to implement a binary search tree in Python with O(log n) lookup?,"<p>I am working on a data structures course and need to implement a binary search tree (BST) in Python. I need the tree to support insertion, deletion, and lookup operations with O(log n) average time complexity.</p><p>Here is what I have so far:</p><code>class Node:
    def __init__(self, key):
        self.left = None
        self.right = None
        self.val = key</code><p>How can I implement the lookup method efficiently? I have read about balanced BSTs like AVL trees - would that be necessary for guaranteed O(log n)?</p>",<python><data-structures><binary-search-tree><algorithm>,2020-10-13,HQ
254,How does garbage collection work in Java and when does it run?,"<p>I am trying to understand Java's garbage collection mechanism. Specifically, I want to know:</p><p>1. How does the JVM decide which objects are eligible for garbage collection?</p><p>2. What are the different garbage collection algorithms available (Serial, Parallel, G1, ZGC)?</p><p>3. Can I force garbage collection to run, or is it always at the JVM's discretion?</p><p>I have read that calling System.gc() is just a suggestion to the JVM. In a production environment with high memory usage, what GC tuning parameters should I consider?</p>",<java><garbage-collection><jvm><memory-management><performance>,2020-07-25,HQ
402,How to implement a binary search tree in Python with O(log n) lookup? [402],"<p>I am working on a data structures course and need to implement a binary search tree (BST) in Python. I need the tree to support insertion, deletion, and lookup operations with O(log n) average time complexity.</p><p>Here is what I have so far:</p><code>class Node:
    def __init__(self, key):
        self.left = None
        self.right = None
        self.val = key</code><p>How can I implement the lookup method efficiently? I have read about balanced BSTs like AVL trees - would that be necessary for guaranteed O(log n)?</p>",<python><data-structures><binary-search-tree><algorithm>,2020-06-27,HQ
154,How to properly implement authentication with JWT tokens in a Node.js API?,"<p>I am building a REST API with Node.js and Express, and I want to implement JWT-based authentication. I have a few concerns about security best practices:</p><p>1. Should I store the JWT in localStorage, sessionStorage, or an HTTP-only cookie?</p><p>2. How should I handle token refresh to maintain user sessions without forcing re-login?</p><p>3. What claims should I include in the payload?</p><p>Here is my current token generation:</p><code>const jwt = require('jsonwebtoken');
const token = jwt.sign({ userId: user.id }, process.env.SECRET, { expiresIn: '1h' });</code><p>Is a 1-hour expiration reasonable? How do I securely implement refresh tokens?</p>",<node.js><jwt><authentication><security><express>,2020-09-14,HQ
914,React component not re-rendering when state changes,"<p>My React component is not re-rendering when I update the state. I am using useState but the UI does not reflect the change.</p><code>const [items, setItems] = useState([1,2,3]);
items.push(4);
setItems(items);</code><p>Why is the component not updating?</p>",<react><state><re-render><hooks>,2020-01-01,LQ_EDIT
26,How to implement a binary search tree in Python with O(log n) lookup? (approach 26),"<p>I am working on a data structures course and need to implement a binary search tree (BST) in Python. I need the tree to support insertion, deletion, and lookup operations with O(log n) average time complexity.</p><p>Here is what I have so far:</p><code>class Node:
    def __init__(self, key):
        self.left = None
        self.right = None
        self.val = key</code><p>How can I implement the lookup method efficiently? I have read about balanced BSTs like AVL trees - would that be necessary for guaranteed O(log n)?</p>",<python><data-structures><binary-search-tree><algorithm>,2020-10-16,HQ
1334,error [334],<p>getting an error. why?</p>,,2020-03-06,LQ_CLOSE
1496,code not working (approach 496),<p>i wrote some code but it doesnt work. can someone fix it for me?</p>,<python>,2020-09-12,LQ_CLOSE
690,React component not re-rendering when state changes,"<p>My React component is not re-rendering when I update the state. I am using useState but the UI does not reflect the change.</p><code>const [items, setItems] = useState([1,2,3]);
items.push(4);
setItems(items);</code><p>Why is the component not updating?</p>",<react><state><re-render><hooks>,2020-06-02,LQ_EDIT
5,Efficient way to find duplicates in a large list using Python? (approach 5),"<p>I have a list of approximately 10 million strings and need to find all duplicate entries efficiently. My current approach uses a nested loop which has O(n^2) time complexity and takes too long.</p><p>Current approach:</p><code>duplicates = []
for i in range(len(data)):
    for j in range(i+1, len(data)):
        if data[i] == data[j]:
            duplicates.append(data[i])</code><p>I have considered using a set or dictionary for O(n) lookup. What would be the most memory-efficient approach for this scale of data? Should I consider using pandas or numpy for better performance?</p>",<python><performance><algorithms><duplicates><large-dataset>,2020-01-22,HQ
1164,python,<p>how to learn python fast</p>,<python>,2020-01-10,LQ_CLOSE
1116,help plz - variant 116,<p>my code doesnt work</p>,<python>,2020-01-12,LQ_CLOSE
333,How to handle CORS errors in a React app calling a REST API? [333],"<p>I am building a React frontend that calls a Node.js Express backend API. When I make fetch requests from my React app (running on localhost:3000) to my API (running on localhost:5000), I get the following error:</p><code>Access to fetch at 'http://localhost:5000/api/data' from origin 'http://localhost:3000' has been blocked by CORS policy</code><p>I have tried adding the cors middleware to my Express server but the error persists. Here is my Express configuration:</p><code>const cors = require('cors');
app.use(cors());</code><p>What am I missing? Is there a way to configure CORS headers properly for both development and production environments?</p>",<javascript><react><cors><express><rest-api>,2020-12-06,HQ
591,Docker container exits immediately after starting - variant 91,<p>My Docker container starts and then immediately exits. I am running:</p><code>docker run my-app</code><p>When I check the logs there is nothing useful. The Dockerfile uses a Python base image. What could cause this behavior?</p>,<docker><container><python>,2020-08-18,LQ_EDIT
397,How to handle CORS errors in a React app calling a REST API? (approach 397),"<p>I am building a React frontend that calls a Node.js Express backend API. When I make fetch requests from my React app (running on localhost:3000) to my API (running on localhost:5000), I get the following error:</p><code>Access to fetch at 'http://localhost:5000/api/data' from origin 'http://localhost:3000' has been blocked by CORS policy</code><p>I have tried adding the cors middleware to my Express server but the error persists. Here is my Express configuration:</p><code>const cors = require('cors');
app.use(cors());</code><p>What am I missing? Is there a way to configure CORS headers properly for both development and production environments?</p>",<javascript><react><cors><express><rest-api>,2020-08-11,HQ
590,CSS flexbox not centering my div (approach 90),"<p>I am trying to center a div using flexbox but it is not working. Here is my code:</p><code>.container {
  display: flex;
  justify-content: center;
}</code><p>The div still appears on the left side. What am I doing wrong?</p>",<css><flexbox><html><centering>,2020-05-25,LQ_EDIT
491,How to properly implement authentication with JWT tokens in a Node.js API?,"<p>I am building a REST API with Node.js and Express, and I want to implement JWT-based authentication. I have a few concerns about security best practices:</p><p>1. Should I store the JWT in localStorage, sessionStorage, or an HTTP-only cookie?</p><p>2. How should I handle token refresh to maintain user sessions without forcing re-login?</p><p>3. What claims should I include in the payload?</p><p>Here is my current token generation:</p><code>const jwt = require('jsonwebtoken');
const token = jwt.sign({ userId: user.id }, process.env.SECRET, { expiresIn: '1h' });</code><p>Is a 1-hour expiration reasonable? How do I securely implement refresh tokens?</p>",<node.js><jwt><authentication><security><express>,2020-02-04,HQ
79,Understanding Python decorators with arguments - how do they work internally? (approach 79),"<p>I understand basic Python decorators, but I am struggling with decorators that accept arguments. For example:</p><code>@my_decorator(arg1, arg2)
def my_function():
    pass</code><p>This seems to involve three levels of nested functions. Can someone break down the execution flow step by step? How does Python handle the difference between @my_decorator and @my_decorator(args)?</p><p>I am particularly confused about how functools.wraps plays into this and why it is recommended. A clear example with the execution order would be very helpful.</p>",<python><decorators><functions><metaprogramming>,2020-11-08,HQ
195,Understanding Python decorators with arguments - how do they work internally?,"<p>I understand basic Python decorators, but I am struggling with decorators that accept arguments. For example:</p><code>@my_decorator(arg1, arg2)
def my_function():
    pass</code><p>This seems to involve three levels of nested functions. Can someone break down the execution flow step by step? How does Python handle the difference between @my_decorator and @my_decorator(args)?</p><p>I am particularly confused about how functools.wraps plays into this and why it is recommended. A clear example with the execution order would be very helpful.</p>",<python><decorators><functions><metaprogramming>,2020-05-16,HQ
937,React component not re-rendering when state changes [437],"<p>My React component is not re-rendering when I update the state. I am using useState but the UI does not reflect the change.</p><code>const [items, setItems] = useState([1,2,3]);
items.push(4);
setItems(items);</code><p>Why is the component not updating?</p>",<react><state><re-render><hooks>,2020-08-18,LQ_EDIT
731,Python error: list index out of range [231],"<p>I keep getting an IndexError when I try to access elements in my list. My code loops through a list and tries to access the next element:</p><code>for i in range(len(my_list)):
    print(my_list[i+1])</code><p>Why does this happen and how do I fix it?</p>",<python><error><list><indexerror>,2020-11-03,LQ_EDIT
1333,need project - variant 333,<p>can someone give me a python project for my college assignment? it should be easy and about machine learning</p>,<python><machine-learning><project>,2020-02-28,LQ_CLOSE
607,CSS flexbox not centering my div - variant 107,"<p>I am trying to center a div using flexbox but it is not working. Here is my code:</p><code>.container {
  display: flex;
  justify-content: center;
}</code><p>The div still appears on the left side. What am I doing wrong?</p>",<css><flexbox><html><centering>,2020-11-24,LQ_EDIT
1260,how to hack wifi - variant 260,<p>how can i hack my neighbors wifi password using python??</p>,<python><wifi><hacking>,2020-08-26,LQ_CLOSE
1452,urgent!!! need answer now - variant 452,<p>how do i fix this error??? its not working and i need to submit tomorrow. please help urgent</p>,<java>,2020-07-13,LQ_CLOSE
401,How to implement a binary search tree in Python with O(log n) lookup? - variant 401,"<p>I am working on a data structures course and need to implement a binary search tree (BST) in Python. I need the tree to support insertion, deletion, and lookup operations with O(log n) average time complexity.</p><p>Here is what I have so far:</p><code>class Node:
    def __init__(self, key):
        self.left = None
        self.right = None
        self.val = key</code><p>How can I implement the lookup method efficiently? I have read about balanced BSTs like AVL trees - would that be necessary for guaranteed O(log n)?</p>",<python><data-structures><binary-search-tree><algorithm>,2020-08-11,HQ
823,React component not re-rendering when state changes (approach 323),"<p>My React component is not re-rendering when I update the state. I am using useState but the UI does not reflect the change.</p><code>const [items, setItems] = useState([1,2,3]);
items.push(4);
setItems(items);</code><p>Why is the component not updating?</p>",<react><state><re-render><hooks>,2020-01-15,LQ_EDIT
1488,need project,<p>can someone give me a python project for my college assignment? it should be easy and about machine learning</p>,<python><machine-learning><project>,2020-05-15,LQ_CLOSE
675,Docker container exits immediately after starting (approach 175),<p>My Docker container starts and then immediately exits. I am running:</p><code>docker run my-app</code><p>When I check the logs there is nothing useful. The Dockerfile uses a Python base image. What could cause this behavior?</p>,<docker><container><python>,2020-11-28,LQ_EDIT
475,How to implement a binary search tree in Python with O(log n) lookup?,"<p>I am working on a data structures course and need to implement a binary search tree (BST) in Python. I need the tree to support insertion, deletion, and lookup operations with O(log n) average time complexity.</p><p>Here is what I have so far:</p><code>class Node:
    def __init__(self, key):
        self.left = None
        self.right = None
        self.val = key</code><p>How can I implement the lookup method efficiently? I have read about balanced BSTs like AVL trees - would that be necessary for guaranteed O(log n)?</p>",<python><data-structures><binary-search-tree><algorithm>,2020-06-20,HQ
390,What is the difference between == and === operators in JavaScript? (approach 390),"<p>I have been learning JavaScript and encountered both == and === operators. I understand that == checks for equality while === checks for strict equality, but I am confused about when to use each one.</p><p>For example:</p><code>console.log(1 == '1');  // true
console.log(1 === '1'); // false</code><p>Can someone explain the type coercion rules that == follows? Are there any best practices for which one to use in production code?</p>",<javascript><operators><comparison><type-coercion>,2020-01-01,HQ
558,MySQL query not returning expected results,<p>I have a MySQL query that should return all users who signed up last month but it returns nothing. Here is my query:</p><code>SELECT * FROM users WHERE signup_date > '2024-01-01';</code><p>The table has data. What could be wrong?</p>,<mysql><sql><query>,2020-01-24,LQ_EDIT
619,Sort a list in Python (approach 119),"<p>I need to sort a list in Python. I have tried using sort() but it doesn't seem to work for my case. My list contains both numbers and strings.</p><code>my_list = [3, 1, 'apple', 2, 'banana']</code><p>How can I sort this?</p>",<python><sorting><list>,2020-08-28,LQ_EDIT
514,CSS flexbox not centering my div,"<p>I am trying to center a div using flexbox but it is not working. Here is my code:</p><code>.container {
  display: flex;
  justify-content: center;
}</code><p>The div still appears on the left side. What am I doing wrong?</p>",<css><flexbox><html><centering>,2020-09-01,LQ_EDIT
1138,error - variant 138,<p>getting an error. why?</p>,,2020-03-20,LQ_CLOSE
1114,plz send me the code - variant 114,<p>i need to make a website. can someone send me the full code? i dont know html</p>,<html><website>,2020-03-26,LQ_CLOSE
342,What is the difference between == and === operators in JavaScript?,"<p>I have been learning JavaScript and encountered both == and === operators. I understand that == checks for equality while === checks for strict equality, but I am confused about when to use each one.</p><p>For example:</p><code>console.log(1 == '1');  // true
console.log(1 === '1'); // false</code><p>Can someone explain the type coercion rules that == follows? Are there any best practices for which one to use in production code?</p>",<javascript><operators><comparison><type-coercion>,2020-02-11,HQ
467,How to implement a binary search tree in Python with O(log n) lookup? (approach 467),"<p>I am working on a data structures course and need to implement a binary search tree (BST) in Python. I need the tree to support insertion, deletion, and lookup operations with O(log n) average time complexity.</p><p>Here is what I have so far:</p><code>class Node:
    def __init__(self, key):
        self.left = None
        self.right = None
        self.val = key</code><p>How can I implement the lookup method efficiently? I have read about balanced BSTs like AVL trees - would that be necessary for guaranteed O(log n)?</p>",<python><data-structures><binary-search-tree><algorithm>,2020-02-18,HQ
1033,what? [33],<p>what is the difference?</p>,,2020-03-24,LQ_CLOSE
1035,plz send me the code (approach 35),<p>i need to make a website. can someone send me the full code? i dont know html</p>,<html><website>,2020-06-07,LQ_CLOSE
996,Sort a list in Python,"<p>I need to sort a list in Python. I have tried using sort() but it doesn't seem to work for my case. My list contains both numbers and strings.</p><code>my_list = [3, 1, 'apple', 2, 'banana']</code><p>How can I sort this?</p>",<python><sorting><list>,2020-05-20,LQ_EDIT
1350,need project,<p>can someone give me a python project for my college assignment? it should be easy and about machine learning</p>,<python><machine-learning><project>,2020-03-04,LQ_CLOSE
821,CSS flexbox not centering my div (approach 321),"<p>I am trying to center a div using flexbox but it is not working. Here is my code:</p><code>.container {
  display: flex;
  justify-content: center;
}</code><p>The div still appears on the left side. What am I doing wrong?</p>",<css><flexbox><html><centering>,2020-01-02,LQ_EDIT
1126,HEEELP,<p>nothing works!!!</p>,,2020-10-20,LQ_CLOSE
581,How to read a file in Java?,"<p>I need to read a text file in Java. I found several ways to do it (BufferedReader, Scanner, Files.readAllLines) but I am not sure which one to use. Can someone suggest the best approach for reading a large text file line by line?</p>",<java><file-io><reading>,2020-05-17,LQ_EDIT
866,Docker container exits immediately after starting [366],<p>My Docker container starts and then immediately exits. I am running:</p><code>docker run my-app</code><p>When I check the logs there is nothing useful. The Dockerfile uses a Python base image. What could cause this behavior?</p>,<docker><container><python>,2020-11-17,LQ_EDIT
1166,plz send me the code,<p>i need to make a website. can someone send me the full code? i dont know html</p>,<html><website>,2020-07-24,LQ_CLOSE
733,Python error: list index out of range - variant 233,"<p>I keep getting an IndexError when I try to access elements in my list. My code loops through a list and tries to access the next element:</p><code>for i in range(len(my_list)):
    print(my_list[i+1])</code><p>Why does this happen and how do I fix it?</p>",<python><error><list><indexerror>,2020-12-04,LQ_EDIT
1042,is this good [42],<p>is my code good?</p>,<code-review>,2020-10-11,LQ_CLOSE
1079,code not working,<p>i wrote some code but it doesnt work. can someone fix it for me?</p>,<python>,2020-02-18,LQ_CLOSE
871,Docker container exits immediately after starting [371],<p>My Docker container starts and then immediately exits. I am running:</p><code>docker run my-app</code><p>When I check the logs there is nothing useful. The Dockerfile uses a Python base image. What could cause this behavior?</p>,<docker><container><python>,2020-09-10,LQ_EDIT
727,React component not re-rendering when state changes - variant 227,"<p>My React component is not re-rendering when I update the state. I am using useState but the UI does not reflect the change.</p><code>const [items, setItems] = useState([1,2,3]);
items.push(4);
setItems(items);</code><p>Why is the component not updating?</p>",<react><state><re-render><hooks>,2020-05-05,LQ_EDIT
1160,help plz,<p>my code doesnt work</p>,<python>,2020-10-08,LQ_CLOSE
435,Understanding Python decorators with arguments - how do they work internally? [435],"<p>I understand basic Python decorators, but I am struggling with decorators that accept arguments. For example:</p><code>@my_decorator(arg1, arg2)
def my_function():
    pass</code><p>This seems to involve three levels of nested functions. Can someone break down the execution flow step by step? How does Python handle the difference between @my_decorator and @my_decorator(args)?</p><p>I am particularly confused about how functools.wraps plays into this and why it is recommended. A clear example with the execution order would be very helpful.</p>",<python><decorators><functions><metaprogramming>,2020-10-22,HQ
1091,how to hack wifi [91],<p>how can i hack my neighbors wifi password using python??</p>,<python><wifi><hacking>,2020-06-18,LQ_CLOSE
194,How to handle CORS errors in a React app calling a REST API? [194],"<p>I am building a React frontend that calls a Node.js Express backend API. When I make fetch requests from my React app (running on localhost:3000) to my API (running on localhost:5000), I get the following error:</p><code>Access to fetch at 'http://localhost:5000/api/data' from origin 'http://localhost:3000' has been blocked by CORS policy</code><p>I have tried adding the cors middleware to my Express server but the error persists. Here is my Express configuration:</p><code>const cors = require('cors');
app.use(cors());</code><p>What am I missing? Is there a way to configure CORS headers properly for both development and production environments?</p>",<javascript><react><cors><express><rest-api>,2020-10-11,HQ
1067,HEEELP,<p>nothing works!!!</p>,,2020-09-25,LQ_CLOSE
1010,best programming language?,<p>which is the best programming language to learn? python or java or c++?</p>,<programming><career>,2020-02-25,LQ_CLOSE
1439,best programming language?,<p>which is the best programming language to learn? python or java or c++?</p>,<programming><career>,2020-08-21,LQ_CLOSE
271,What is the difference between == and === operators in JavaScript?,"<p>I have been learning JavaScript and encountered both == and === operators. I understand that == checks for equality while === checks for strict equality, but I am confused about when to use each one.</p><p>For example:</p><code>console.log(1 == '1');  // true
console.log(1 === '1'); // false</code><p>Can someone explain the type coercion rules that == follows? Are there any best practices for which one to use in production code?</p>",<javascript><operators><comparison><type-coercion>,2020-02-26,HQ
832,Sort a list in Python,"<p>I need to sort a list in Python. I have tried using sort() but it doesn't seem to work for my case. My list contains both numbers and strings.</p><code>my_list = [3, 1, 'apple', 2, 'banana']</code><p>How can I sort this?</p>",<python><sorting><list>,2020-08-01,LQ_EDIT
127,How to implement a binary search tree in Python with O(log n) lookup?,"<p>I am working on a data structures course and need to implement a binary search tree (BST) in Python. I need the tree to support insertion, deletion, and lookup operations with O(log n) average time complexity.</p><p>Here is what I have so far:</p><code>class Node:
    def __init__(self, key):
        self.left = None
        self.right = None
        self.val = key</code><p>How can I implement the lookup method efficiently? I have read about balanced BSTs like AVL trees - would that be necessary for guaranteed O(log n)?</p>",<python><data-structures><binary-search-tree><algorithm>,2020-11-27,HQ
1357,how to hack wifi (approach 357),<p>how can i hack my neighbors wifi password using python??</p>,<python><wifi><hacking>,2020-04-05,LQ_CLOSE
949,Sort a list in Python,"<p>I need to sort a list in Python. I have tried using sort() but it doesn't seem to work for my case. My list contains both numbers and strings.</p><code>my_list = [3, 1, 'apple', 2, 'banana']</code><p>How can I sort this?</p>",<python><sorting><list>,2020-03-02,LQ_EDIT
1192,what? - variant 192,<p>what is the difference?</p>,,2020-10-17,LQ_CLOSE
1295,what? (approach 295),<p>what is the difference?</p>,,2020-10-24,LQ_CLOSE
1441,what? - variant 441,<p>what is the difference?</p>,,2020-10-19,LQ_CLOSE
442,How to handle CORS errors in a React app calling a REST API?,"<p>I am building a React frontend that calls a Node.js Express backend API. When I make fetch requests from my React app (running on localhost:3000) to my API (running on localhost:5000), I get the following error:</p><code>Access to fetch at 'http://localhost:5000/api/data' from origin 'http://localhost:3000' has been blocked by CORS policy</code><p>I have tried adding the cors middleware to my Express server but the error persists. Here is my Express configuration:</p><code>const cors = require('cors');
app.use(cors());</code><p>What am I missing? Is there a way to configure CORS headers properly for both development and production environments?</p>",<javascript><react><cors><express><rest-api>,2020-06-02,HQ
1313,best programming language? - variant 313,<p>which is the best programming language to learn? python or java or c++?</p>,<programming><career>,2020-07-16,LQ_CLOSE
554,Sort a list in Python [54],"<p>I need to sort a list in Python. I have tried using sort() but it doesn't seem to work for my case. My list contains both numbers and strings.</p><code>my_list = [3, 1, 'apple', 2, 'banana']</code><p>How can I sort this?</p>",<python><sorting><list>,2020-05-25,LQ_EDIT
303,What is the difference between == and === operators in JavaScript?,"<p>I have been learning JavaScript and encountered both == and === operators. I understand that == checks for equality while === checks for strict equality, but I am confused about when to use each one.</p><p>For example:</p><code>console.log(1 == '1');  // true
console.log(1 === '1'); // false</code><p>Can someone explain the type coercion rules that == follows? Are there any best practices for which one to use in production code?</p>",<javascript><operators><comparison><type-coercion>,2020-02-15,HQ
99,How to handle CORS errors in a React app calling a REST API? - variant 99,"<p>I am building a React frontend that calls a Node.js Express backend API. When I make fetch requests from my React app (running on localhost:3000) to my API (running on localhost:5000), I get the following error:</p><code>Access to fetch at 'http://localhost:5000/api/data' from origin 'http://localhost:3000' has been blocked by CORS policy</code><p>I have tried adding the cors middleware to my Express server but the error persists. Here is my Express configuration:</p><code>const cors = require('cors');
app.use(cors());</code><p>What am I missing? Is there a way to configure CORS headers properly for both development and production environments?</p>",<javascript><react><cors><express><rest-api>,2020-03-03,HQ
1251,urgent!!! need answer now (approach 251),<p>how do i fix this error??? its not working and i need to submit tomorrow. please help urgent</p>,<java>,2020-01-10,LQ_CLOSE
135,How to properly implement authentication with JWT tokens in a Node.js API?,"<p>I am building a REST API with Node.js and Express, and I want to implement JWT-based authentication. I have a few concerns about security best practices:</p><p>1. Should I store the JWT in localStorage, sessionStorage, or an HTTP-only cookie?</p><p>2. How should I handle token refresh to maintain user sessions without forcing re-login?</p><p>3. What claims should I include in the payload?</p><p>Here is my current token generation:</p><code>const jwt = require('jsonwebtoken');
const token = jwt.sign({ userId: user.id }, process.env.SECRET, { expiresIn: '1h' });</code><p>Is a 1-hour expiration reasonable? How do I securely implement refresh tokens?</p>",<node.js><jwt><authentication><security><express>,2020-05-04,HQ
1322,urgent!!! need answer now (approach 322),<p>how do i fix this error??? its not working and i need to submit tomorrow. please help urgent</p>,<java>,2020-02-07,LQ_CLOSE
1201,plz send me the code,<p>i need to make a website. can someone send me the full code? i dont know html</p>,<html><website>,2020-12-09,LQ_CLOSE
140,Best practices for database indexing in PostgreSQL for query optimization? [140],"<p>I have a PostgreSQL database with a table containing about 50 million rows. My queries are becoming slow, especially those with WHERE clauses on multiple columns and JOIN operations.</p><p>Current table structure:</p><code>CREATE TABLE orders (
    id SERIAL PRIMARY KEY,
    customer_id INT,
    product_id INT,
    order_date TIMESTAMP,
    total_amount DECIMAL(10,2),
    status VARCHAR(20)
);</code><p>I frequently query by customer_id, order_date ranges, and status. Should I create composite indexes? What is the impact on INSERT performance? How do I use EXPLAIN ANALYZE to identify bottlenecks?</p>",<postgresql><database><indexing><query-optimization><performance>,2020-03-15,HQ
1154,error (approach 154),<p>getting an error. why?</p>,,2020-11-16,LQ_CLOSE
1395,code not working,<p>i wrote some code but it doesnt work. can someone fix it for me?</p>,<python>,2020-06-22,LQ_CLOSE
313,How to implement a binary search tree in Python with O(log n) lookup? [313],"<p>I am working on a data structures course and need to implement a binary search tree (BST) in Python. I need the tree to support insertion, deletion, and lookup operations with O(log n) average time complexity.</p><p>Here is what I have so far:</p><code>class Node:
    def __init__(self, key):
        self.left = None
        self.right = None
        self.val = key</code><p>How can I implement the lookup method efficiently? I have read about balanced BSTs like AVL trees - would that be necessary for guaranteed O(log n)?</p>",<python><data-structures><binary-search-tree><algorithm>,2020-01-25,HQ
64,Understanding Python decorators with arguments - how do they work internally? - variant 64,"<p>I understand basic Python decorators, but I am struggling with decorators that accept arguments. For example:</p><code>@my_decorator(arg1, arg2)
def my_function():
    pass</code><p>This seems to involve three levels of nested functions. Can someone break down the execution flow step by step? How does Python handle the difference between @my_decorator and @my_decorator(args)?</p><p>I am particularly confused about how functools.wraps plays into this and why it is recommended. A clear example with the execution order would be very helpful.</p>",<python><decorators><functions><metaprogramming>,2020-07-06,HQ
1224,need project (approach 224),<p>can someone give me a python project for my college assignment? it should be easy and about machine learning</p>,<python><machine-learning><project>,2020-04-07,LQ_CLOSE
117,Efficient way to find duplicates in a large list using Python?,"<p>I have a list of approximately 10 million strings and need to find all duplicate entries efficiently. My current approach uses a nested loop which has O(n^2) time complexity and takes too long.</p><p>Current approach:</p><code>duplicates = []
for i in range(len(data)):
    for j in range(i+1, len(data)):
        if data[i] == data[j]:
            duplicates.append(data[i])</code><p>I have considered using a set or dictionary for O(n) lookup. What would be the most memory-efficient approach for this scale of data? Should I consider using pandas or numpy for better performance?</p>",<python><performance><algorithms><duplicates><large-dataset>,2020-06-01,HQ
286,How does garbage collection work in Java and when does it run? [286],"<p>I am trying to understand Java's garbage collection mechanism. Specifically, I want to know:</p><p>1. How does the JVM decide which objects are eligible for garbage collection?</p><p>2. What are the different garbage collection algorithms available (Serial, Parallel, G1, ZGC)?</p><p>3. Can I force garbage collection to run, or is it always at the JVM's discretion?</p><p>I have read that calling System.gc() is just a suggestion to the JVM. In a production environment with high memory usage, what GC tuning parameters should I consider?</p>",<java><garbage-collection><jvm><memory-management><performance>,2020-08-16,HQ
21,How to properly implement authentication with JWT tokens in a Node.js API?,"<p>I am building a REST API with Node.js and Express, and I want to implement JWT-based authentication. I have a few concerns about security best practices:</p><p>1. Should I store the JWT in localStorage, sessionStorage, or an HTTP-only cookie?</p><p>2. How should I handle token refresh to maintain user sessions without forcing re-login?</p><p>3. What claims should I include in the payload?</p><p>Here is my current token generation:</p><code>const jwt = require('jsonwebtoken');
const token = jwt.sign({ userId: user.id }, process.env.SECRET, { expiresIn: '1h' });</code><p>Is a 1-hour expiration reasonable? How do I securely implement refresh tokens?</p>",<node.js><jwt><authentication><security><express>,2020-12-02,HQ
391,What is the difference between == and === operators in JavaScript? [391],"<p>I have been learning JavaScript and encountered both == and === operators. I understand that == checks for equality while === checks for strict equality, but I am confused about when to use each one.</p><p>For example:</p><code>console.log(1 == '1');  // true
console.log(1 === '1'); // false</code><p>Can someone explain the type coercion rules that == follows? Are there any best practices for which one to use in production code?</p>",<javascript><operators><comparison><type-coercion>,2020-06-06,HQ
255,How to handle CORS errors in a React app calling a REST API? - variant 255,"<p>I am building a React frontend that calls a Node.js Express backend API. When I make fetch requests from my React app (running on localhost:3000) to my API (running on localhost:5000), I get the following error:</p><code>Access to fetch at 'http://localhost:5000/api/data' from origin 'http://localhost:3000' has been blocked by CORS policy</code><p>I have tried adding the cors middleware to my Express server but the error persists. Here is my Express configuration:</p><code>const cors = require('cors');
app.use(cors());</code><p>What am I missing? Is there a way to configure CORS headers properly for both development and production environments?</p>",<javascript><react><cors><express><rest-api>,2020-05-10,HQ
480,Best practices for database indexing in PostgreSQL for query optimization? [480],"<p>I have a PostgreSQL database with a table containing about 50 million rows. My queries are becoming slow, especially those with WHERE clauses on multiple columns and JOIN operations.</p><p>Current table structure:</p><code>CREATE TABLE orders (
    id SERIAL PRIMARY KEY,
    customer_id INT,
    product_id INT,
    order_date TIMESTAMP,
    total_amount DECIMAL(10,2),
    status VARCHAR(20)
);</code><p>I frequently query by customer_id, order_date ranges, and status. Should I create composite indexes? What is the impact on INSERT performance? How do I use EXPLAIN ANALYZE to identify bottlenecks?</p>",<postgresql><database><indexing><query-optimization><performance>,2020-07-09,HQ
87,Understanding Python decorators with arguments - how do they work internally?,"<p>I understand basic Python decorators, but I am struggling with decorators that accept arguments. For example:</p><code>@my_decorator(arg1, arg2)
def my_function():
    pass</code><p>This seems to involve three levels of nested functions. Can someone break down the execution flow step by step? How does Python handle the difference between @my_decorator and @my_decorator(args)?</p><p>I am particularly confused about how functools.wraps plays into this and why it is recommended. A clear example with the execution order would be very helpful.</p>",<python><decorators><functions><metaprogramming>,2020-01-07,HQ
114,What is the difference between == and === operators in JavaScript?,"<p>I have been learning JavaScript and encountered both == and === operators. I understand that == checks for equality while === checks for strict equality, but I am confused about when to use each one.</p><p>For example:</p><code>console.log(1 == '1');  // true
console.log(1 === '1'); // false</code><p>Can someone explain the type coercion rules that == follows? Are there any best practices for which one to use in production code?</p>",<javascript><operators><comparison><type-coercion>,2020-02-22,HQ
1406,is this good,<p>is my code good?</p>,<code-review>,2020-10-11,LQ_CLOSE
157,Efficient way to find duplicates in a large list using Python?,"<p>I have a list of approximately 10 million strings and need to find all duplicate entries efficiently. My current approach uses a nested loop which has O(n^2) time complexity and takes too long.</p><p>Current approach:</p><code>duplicates = []
for i in range(len(data)):
    for j in range(i+1, len(data)):
        if data[i] == data[j]:
            duplicates.append(data[i])</code><p>I have considered using a set or dictionary for O(n) lookup. What would be the most memory-efficient approach for this scale of data? Should I consider using pandas or numpy for better performance?</p>",<python><performance><algorithms><duplicates><large-dataset>,2020-02-12,HQ
1444,plz send me the code,<p>i need to make a website. can someone send me the full code? i dont know html</p>,<html><website>,2020-11-27,LQ_CLOSE
66,How to properly implement authentication with JWT tokens in a Node.js API? [66],"<p>I am building a REST API with Node.js and Express, and I want to implement JWT-based authentication. I have a few concerns about security best practices:</p><p>1. Should I store the JWT in localStorage, sessionStorage, or an HTTP-only cookie?</p><p>2. How should I handle token refresh to maintain user sessions without forcing re-login?</p><p>3. What claims should I include in the payload?</p><p>Here is my current token generation:</p><code>const jwt = require('jsonwebtoken');
const token = jwt.sign({ userId: user.id }, process.env.SECRET, { expiresIn: '1h' });</code><p>Is a 1-hour expiration reasonable? How do I securely implement refresh tokens?</p>",<node.js><jwt><authentication><security><express>,2020-01-16,HQ
910,Docker container exits immediately after starting,<p>My Docker container starts and then immediately exits. I am running:</p><code>docker run my-app</code><p>When I check the logs there is nothing useful. The Dockerfile uses a Python base image. What could cause this behavior?</p>,<docker><container><python>,2020-10-22,LQ_EDIT
1305,best programming language? (approach 305),<p>which is the best programming language to learn? python or java or c++?</p>,<programming><career>,2020-05-23,LQ_CLOSE
1247,best programming language? [247],<p>which is the best programming language to learn? python or java or c++?</p>,<programming><career>,2020-07-25,LQ_CLOSE
190,What is the difference between == and === operators in JavaScript?,"<p>I have been learning JavaScript and encountered both == and === operators. I understand that == checks for equality while === checks for strict equality, but I am confused about when to use each one.</p><p>For example:</p><code>console.log(1 == '1');  // true
console.log(1 === '1'); // false</code><p>Can someone explain the type coercion rules that == follows? Are there any best practices for which one to use in production code?</p>",<javascript><operators><comparison><type-coercion>,2020-03-09,HQ
1072,best programming language? - variant 72,<p>which is the best programming language to learn? python or java or c++?</p>,<programming><career>,2020-05-02,LQ_CLOSE
151,Best practices for database indexing in PostgreSQL for query optimization?,"<p>I have a PostgreSQL database with a table containing about 50 million rows. My queries are becoming slow, especially those with WHERE clauses on multiple columns and JOIN operations.</p><p>Current table structure:</p><code>CREATE TABLE orders (
    id SERIAL PRIMARY KEY,
    customer_id INT,
    product_id INT,
    order_date TIMESTAMP,
    total_amount DECIMAL(10,2),
    status VARCHAR(20)
);</code><p>I frequently query by customer_id, order_date ranges, and status. Should I create composite indexes? What is the impact on INSERT performance? How do I use EXPLAIN ANALYZE to identify bottlenecks?</p>",<postgresql><database><indexing><query-optimization><performance>,2020-03-20,HQ
10,How does garbage collection work in Java and when does it run?,"<p>I am trying to understand Java's garbage collection mechanism. Specifically, I want to know:</p><p>1. How does the JVM decide which objects are eligible for garbage collection?</p><p>2. What are the different garbage collection algorithms available (Serial, Parallel, G1, ZGC)?</p><p>3. Can I force garbage collection to run, or is it always at the JVM's discretion?</p><p>I have read that calling System.gc() is just a suggestion to the JVM. In a production environment with high memory usage, what GC tuning parameters should I consider?</p>",<java><garbage-collection><jvm><memory-management><performance>,2020-07-19,HQ
1018,urgent!!! need answer now (approach 18),<p>how do i fix this error??? its not working and i need to submit tomorrow. please help urgent</p>,<java>,2020-04-03,LQ_CLOSE
903,Git merge conflict - how to resolve? (approach 403),"<p>I got a merge conflict when trying to merge my branch into main. The file shows these markers:</p><code><<<<<<< HEAD
my changes
=======
their changes
>>>>>>> feature-branch</code><p>How do I properly resolve this?</p>",<git><merge-conflict><version-control>,2020-05-20,LQ_EDIT
1461,HEEELP [461],<p>nothing works!!!</p>,,2020-09-20,LQ_CLOSE
355,How to properly implement authentication with JWT tokens in a Node.js API? [355],"<p>I am building a REST API with Node.js and Express, and I want to implement JWT-based authentication. I have a few concerns about security best practices:</p><p>1. Should I store the JWT in localStorage, sessionStorage, or an HTTP-only cookie?</p><p>2. How should I handle token refresh to maintain user sessions without forcing re-login?</p><p>3. What claims should I include in the payload?</p><p>Here is my current token generation:</p><code>const jwt = require('jsonwebtoken');
const token = jwt.sign({ userId: user.id }, process.env.SECRET, { expiresIn: '1h' });</code><p>Is a 1-hour expiration reasonable? How do I securely implement refresh tokens?</p>",<node.js><jwt><authentication><security><express>,2020-07-21,HQ
643,CSS flexbox not centering my div (approach 143),"<p>I am trying to center a div using flexbox but it is not working. Here is my code:</p><code>.container {
  display: flex;
  justify-content: center;
}</code><p>The div still appears on the left side. What am I doing wrong?</p>",<css><flexbox><html><centering>,2020-08-04,LQ_EDIT
741,How to read a file in Java? (approach 241),"<p>I need to read a text file in Java. I found several ways to do it (BufferedReader, Scanner, Files.readAllLines) but I am not sure which one to use. Can someone suggest the best approach for reading a large text file line by line?</p>",<java><file-io><reading>,2020-09-27,LQ_EDIT
881,Python error: list index out of range - variant 381,"<p>I keep getting an IndexError when I try to access elements in my list. My code loops through a list and tries to access the next element:</p><code>for i in range(len(my_list)):
    print(my_list[i+1])</code><p>Why does this happen and how do I fix it?</p>",<python><error><list><indexerror>,2020-07-01,LQ_EDIT
335,How to properly implement authentication with JWT tokens in a Node.js API?,"<p>I am building a REST API with Node.js and Express, and I want to implement JWT-based authentication. I have a few concerns about security best practices:</p><p>1. Should I store the JWT in localStorage, sessionStorage, or an HTTP-only cookie?</p><p>2. How should I handle token refresh to maintain user sessions without forcing re-login?</p><p>3. What claims should I include in the payload?</p><p>Here is my current token generation:</p><code>const jwt = require('jsonwebtoken');
const token = jwt.sign({ userId: user.id }, process.env.SECRET, { expiresIn: '1h' });</code><p>Is a 1-hour expiration reasonable? How do I securely implement refresh tokens?</p>",<node.js><jwt><authentication><security><express>,2020-11-11,HQ
350,Understanding Python decorators with arguments - how do they work internally? [350],"<p>I understand basic Python decorators, but I am struggling with decorators that accept arguments. For example:</p><code>@my_decorator(arg1, arg2)
def my_function():
    pass</code><p>This seems to involve three levels of nested functions. Can someone break down the execution flow step by step? How does Python handle the difference between @my_decorator and @my_decorator(args)?</p><p>I am particularly confused about how functools.wraps plays into this and why it is recommended. A clear example with the execution order would be very helpful.</p>",<python><decorators><functions><metaprogramming>,2020-02-13,HQ
948,CSS flexbox not centering my div,"<p>I am trying to center a div using flexbox but it is not working. Here is my code:</p><code>.container {
  display: flex;
  justify-content: center;
}</code><p>The div still appears on the left side. What am I doing wrong?</p>",<css><flexbox><html><centering>,2020-01-08,LQ_EDIT
412,How to handle CORS errors in a React app calling a REST API? [412],"<p>I am building a React frontend that calls a Node.js Express backend API. When I make fetch requests from my React app (running on localhost:3000) to my API (running on localhost:5000), I get the following error:</p><code>Access to fetch at 'http://localhost:5000/api/data' from origin 'http://localhost:3000' has been blocked by CORS policy</code><p>I have tried adding the cors middleware to my Express server but the error persists. Here is my Express configuration:</p><code>const cors = require('cors');
app.use(cors());</code><p>What am I missing? Is there a way to configure CORS headers properly for both development and production environments?</p>",<javascript><react><cors><express><rest-api>,2020-11-09,HQ
1411,help plz (approach 411),<p>my code doesnt work</p>,<python>,2020-04-09,LQ_CLOSE
1482,plz send me the code,<p>i need to make a website. can someone send me the full code? i dont know html</p>,<html><website>,2020-05-09,LQ_CLOSE
1206,is this good (approach 206),<p>is my code good?</p>,<code-review>,2020-02-21,LQ_CLOSE
1355,help plz - variant 355,<p>my code doesnt work</p>,<python>,2020-05-13,LQ_CLOSE
779,MySQL query not returning expected results [279],<p>I have a MySQL query that should return all users who signed up last month but it returns nothing. Here is my query:</p><code>SELECT * FROM users WHERE signup_date > '2024-01-01';</code><p>The table has data. What could be wrong?</p>,<mysql><sql><query>,2020-09-27,LQ_EDIT
33,How to implement a binary search tree in Python with O(log n) lookup? (approach 33),"<p>I am working on a data structures course and need to implement a binary search tree (BST) in Python. I need the tree to support insertion, deletion, and lookup operations with O(log n) average time complexity.</p><p>Here is what I have so far:</p><code>class Node:
    def __init__(self, key):
        self.left = None
        self.right = None
        self.val = key</code><p>How can I implement the lookup method efficiently? I have read about balanced BSTs like AVL trees - would that be necessary for guaranteed O(log n)?</p>",<python><data-structures><binary-search-tree><algorithm>,2020-11-14,HQ
677,React component not re-rendering when state changes,"<p>My React component is not re-rendering when I update the state. I am using useState but the UI does not reflect the change.</p><code>const [items, setItems] = useState([1,2,3]);
items.push(4);
setItems(items);</code><p>Why is the component not updating?</p>",<react><state><re-render><hooks>,2020-09-05,LQ_EDIT
176,How does garbage collection work in Java and when does it run? [176],"<p>I am trying to understand Java's garbage collection mechanism. Specifically, I want to know:</p><p>1. How does the JVM decide which objects are eligible for garbage collection?</p><p>2. What are the different garbage collection algorithms available (Serial, Parallel, G1, ZGC)?</p><p>3. Can I force garbage collection to run, or is it always at the JVM's discretion?</p><p>I have read that calling System.gc() is just a suggestion to the JVM. In a production environment with high memory usage, what GC tuning parameters should I consider?</p>",<java><garbage-collection><jvm><memory-management><performance>,2020-03-23,HQ
1448,help plz - variant 448,<p>my code doesnt work</p>,<python>,2020-10-19,LQ_CLOSE
1390,how to hack wifi,<p>how can i hack my neighbors wifi password using python??</p>,<python><wifi><hacking>,2020-05-24,LQ_CLOSE
1392,python (approach 392),<p>how to learn python fast</p>,<python>,2020-03-04,LQ_CLOSE
1209,error - variant 209,<p>getting an error. why?</p>,,2020-02-11,LQ_CLOSE
842,Docker container exits immediately after starting (approach 342),<p>My Docker container starts and then immediately exits. I am running:</p><code>docker run my-app</code><p>When I check the logs there is nothing useful. The Dockerfile uses a Python base image. What could cause this behavior?</p>,<docker><container><python>,2020-07-21,LQ_EDIT
90,How to properly implement authentication with JWT tokens in a Node.js API? - variant 90,"<p>I am building a REST API with Node.js and Express, and I want to implement JWT-based authentication. I have a few concerns about security best practices:</p><p>1. Should I store the JWT in localStorage, sessionStorage, or an HTTP-only cookie?</p><p>2. How should I handle token refresh to maintain user sessions without forcing re-login?</p><p>3. What claims should I include in the payload?</p><p>Here is my current token generation:</p><code>const jwt = require('jsonwebtoken');
const token = jwt.sign({ userId: user.id }, process.env.SECRET, { expiresIn: '1h' });</code><p>Is a 1-hour expiration reasonable? How do I securely implement refresh tokens?</p>",<node.js><jwt><authentication><security><express>,2020-10-17,HQ
447,How to handle CORS errors in a React app calling a REST API? - variant 447,"<p>I am building a React frontend that calls a Node.js Express backend API. When I make fetch requests from my React app (running on localhost:3000) to my API (running on localhost:5000), I get the following error:</p><code>Access to fetch at 'http://localhost:5000/api/data' from origin 'http://localhost:3000' has been blocked by CORS policy</code><p>I have tried adding the cors middleware to my Express server but the error persists. Here is my Express configuration:</p><code>const cors = require('cors');
app.use(cors());</code><p>What am I missing? Is there a way to configure CORS headers properly for both development and production environments?</p>",<javascript><react><cors><express><rest-api>,2020-06-20,HQ
1208,need project,<p>can someone give me a python project for my college assignment? it should be easy and about machine learning</p>,<python><machine-learning><project>,2020-02-11,LQ_CLOSE
847,React component not re-rendering when state changes - variant 347,"<p>My React component is not re-rendering when I update the state. I am using useState but the UI does not reflect the change.</p><code>const [items, setItems] = useState([1,2,3]);
items.push(4);
setItems(items);</code><p>Why is the component not updating?</p>",<react><state><re-render><hooks>,2020-08-02,LQ_EDIT
825,Python error: list index out of range [325],"<p>I keep getting an IndexError when I try to access elements in my list. My code loops through a list and tries to access the next element:</p><code>for i in range(len(my_list)):
    print(my_list[i+1])</code><p>Why does this happen and how do I fix it?</p>",<python><error><list><indexerror>,2020-08-14,LQ_EDIT
1123,urgent!!! need answer now (approach 123),<p>how do i fix this error??? its not working and i need to submit tomorrow. please help urgent</p>,<java>,2020-07-04,LQ_CLOSE
196,How to implement a binary search tree in Python with O(log n) lookup?,"<p>I am working on a data structures course and need to implement a binary search tree (BST) in Python. I need the tree to support insertion, deletion, and lookup operations with O(log n) average time complexity.</p><p>Here is what I have so far:</p><code>class Node:
    def __init__(self, key):
        self.left = None
        self.right = None
        self.val = key</code><p>How can I implement the lookup method efficiently? I have read about balanced BSTs like AVL trees - would that be necessary for guaranteed O(log n)?</p>",<python><data-structures><binary-search-tree><algorithm>,2020-08-09,HQ
822,MySQL query not returning expected results,<p>I have a MySQL query that should return all users who signed up last month but it returns nothing. Here is my query:</p><code>SELECT * FROM users WHERE signup_date > '2024-01-01';</code><p>The table has data. What could be wrong?</p>,<mysql><sql><query>,2020-10-09,LQ_EDIT
888,MySQL query not returning expected results (approach 388),<p>I have a MySQL query that should return all users who signed up last month but it returns nothing. Here is my query:</p><code>SELECT * FROM users WHERE signup_date > '2024-01-01';</code><p>The table has data. What could be wrong?</p>,<mysql><sql><query>,2020-05-21,LQ_EDIT
382,Efficient way to find duplicates in a large list using Python? (approach 382),"<p>I have a list of approximately 10 million strings and need to find all duplicate entries efficiently. My current approach uses a nested loop which has O(n^2) time complexity and takes too long.</p><p>Current approach:</p><code>duplicates = []
for i in range(len(data)):
    for j in range(i+1, len(data)):
        if data[i] == data[j]:
            duplicates.append(data[i])</code><p>I have considered using a set or dictionary for O(n) lookup. What would be the most memory-efficient approach for this scale of data? Should I consider using pandas or numpy for better performance?</p>",<python><performance><algorithms><duplicates><large-dataset>,2020-10-17,HQ
1078,error [78],<p>getting an error. why?</p>,,2020-12-28,LQ_CLOSE
1198,need project,<p>can someone give me a python project for my college assignment? it should be easy and about machine learning</p>,<python><machine-learning><project>,2020-12-24,LQ_CLOSE
1320,how to hack wifi,<p>how can i hack my neighbors wifi password using python??</p>,<python><wifi><hacking>,2020-12-18,LQ_CLOSE
1481,python - variant 481,<p>how to learn python fast</p>,<python>,2020-08-26,LQ_CLOSE
1387,help plz (approach 387),<p>my code doesnt work</p>,<python>,2020-02-27,LQ_CLOSE
1196,what?,<p>what is the difference?</p>,,2020-11-24,LQ_CLOSE
569,React component not re-rendering when state changes,"<p>My React component is not re-rendering when I update the state. I am using useState but the UI does not reflect the change.</p><code>const [items, setItems] = useState([1,2,3]);
items.push(4);
setItems(items);</code><p>Why is the component not updating?</p>",<react><state><re-render><hooks>,2020-09-17,LQ_EDIT
358,How does garbage collection work in Java and when does it run?,"<p>I am trying to understand Java's garbage collection mechanism. Specifically, I want to know:</p><p>1. How does the JVM decide which objects are eligible for garbage collection?</p><p>2. What are the different garbage collection algorithms available (Serial, Parallel, G1, ZGC)?</p><p>3. Can I force garbage collection to run, or is it always at the JVM's discretion?</p><p>I have read that calling System.gc() is just a suggestion to the JVM. In a production environment with high memory usage, what GC tuning parameters should I consider?</p>",<java><garbage-collection><jvm><memory-management><performance>,2020-06-09,HQ
1299,what?,<p>what is the difference?</p>,,2020-02-01,LQ_CLOSE
1117,python,<p>how to learn python fast</p>,<python>,2020-09-04,LQ_CLOSE
519,Python error: list index out of range [19],"<p>I keep getting an IndexError when I try to access elements in my list. My code loops through a list and tries to access the next element:</p><code>for i in range(len(my_list)):
    print(my_list[i+1])</code><p>Why does this happen and how do I fix it?</p>",<python><error><list><indexerror>,2020-11-16,LQ_EDIT
101,Best practices for database indexing in PostgreSQL for query optimization?,"<p>I have a PostgreSQL database with a table containing about 50 million rows. My queries are becoming slow, especially those with WHERE clauses on multiple columns and JOIN operations.</p><p>Current table structure:</p><code>CREATE TABLE orders (
    id SERIAL PRIMARY KEY,
    customer_id INT,
    product_id INT,
    order_date TIMESTAMP,
    total_amount DECIMAL(10,2),
    status VARCHAR(20)
);</code><p>I frequently query by customer_id, order_date ranges, and status. Should I create composite indexes? What is the impact on INSERT performance? How do I use EXPLAIN ANALYZE to identify bottlenecks?</p>",<postgresql><database><indexing><query-optimization><performance>,2020-05-21,HQ
982,CSS flexbox not centering my div,"<p>I am trying to center a div using flexbox but it is not working. Here is my code:</p><code>.container {
  display: flex;
  justify-content: center;
}</code><p>The div still appears on the left side. What am I doing wrong?</p>",<css><flexbox><html><centering>,2020-09-24,LQ_EDIT
281,What is the difference between == and === operators in JavaScript?,"<p>I have been learning JavaScript and encountered both == and === operators. I understand that == checks for equality while === checks for strict equality, but I am confused about when to use each one.</p><p>For example:</p><code>console.log(1 == '1');  // true
console.log(1 === '1'); // false</code><p>Can someone explain the type coercion rules that == follows? Are there any best practices for which one to use in production code?</p>",<javascript><operators><comparison><type-coercion>,2020-02-25,HQ
920,Python error: list index out of range [420],"<p>I keep getting an IndexError when I try to access elements in my list. My code loops through a list and tries to access the next element:</p><code>for i in range(len(my_list)):
    print(my_list[i+1])</code><p>Why does this happen and how do I fix it?</p>",<python><error><list><indexerror>,2020-06-12,LQ_EDIT
1476,HEEELP,<p>nothing works!!!</p>,,2020-09-02,LQ_CLOSE
403,Understanding Python decorators with arguments - how do they work internally? - variant 403,"<p>I understand basic Python decorators, but I am struggling with decorators that accept arguments. For example:</p><code>@my_decorator(arg1, arg2)
def my_function():
    pass</code><p>This seems to involve three levels of nested functions. Can someone break down the execution flow step by step? How does Python handle the difference between @my_decorator and @my_decorator(args)?</p><p>I am particularly confused about how functools.wraps plays into this and why it is recommended. A clear example with the execution order would be very helpful.</p>",<python><decorators><functions><metaprogramming>,2020-12-24,HQ
622,Git merge conflict - how to resolve? [122],"<p>I got a merge conflict when trying to merge my branch into main. The file shows these markers:</p><code><<<<<<< HEAD
my changes
=======
their changes
>>>>>>> feature-branch</code><p>How do I properly resolve this?</p>",<git><merge-conflict><version-control>,2020-08-13,LQ_EDIT
952,React component not re-rendering when state changes,"<p>My React component is not re-rendering when I update the state. I am using useState but the UI does not reflect the change.</p><code>const [items, setItems] = useState([1,2,3]);
items.push(4);
setItems(items);</code><p>Why is the component not updating?</p>",<react><state><re-render><hooks>,2020-10-19,LQ_EDIT
399,What is the difference between == and === operators in JavaScript?,"<p>I have been learning JavaScript and encountered both == and === operators. I understand that == checks for equality while === checks for strict equality, but I am confused about when to use each one.</p><p>For example:</p><code>console.log(1 == '1');  // true
console.log(1 === '1'); // false</code><p>Can someone explain the type coercion rules that == follows? Are there any best practices for which one to use in production code?</p>",<javascript><operators><comparison><type-coercion>,2020-12-21,HQ
1434,urgent!!! need answer now - variant 434,<p>how do i fix this error??? its not working and i need to submit tomorrow. please help urgent</p>,<java>,2020-06-16,LQ_CLOSE
1410,python,<p>how to learn python fast</p>,<python>,2020-11-24,LQ_CLOSE
1234,best programming language? [234],<p>which is the best programming language to learn? python or java or c++?</p>,<programming><career>,2020-05-09,LQ_CLOSE
1077,what?,<p>what is the difference?</p>,,2020-02-06,LQ_CLOSE
206,How to properly implement authentication with JWT tokens in a Node.js API?,"<p>I am building a REST API with Node.js and Express, and I want to implement JWT-based authentication. I have a few concerns about security best practices:</p><p>1. Should I store the JWT in localStorage, sessionStorage, or an HTTP-only cookie?</p><p>2. How should I handle token refresh to maintain user sessions without forcing re-login?</p><p>3. What claims should I include in the payload?</p><p>Here is my current token generation:</p><code>const jwt = require('jsonwebtoken');
const token = jwt.sign({ userId: user.id }, process.env.SECRET, { expiresIn: '1h' });</code><p>Is a 1-hour expiration reasonable? How do I securely implement refresh tokens?</p>",<node.js><jwt><authentication><security><express>,2020-08-21,HQ
565,MySQL query not returning expected results [65],<p>I have a MySQL query that should return all users who signed up last month but it returns nothing. Here is my query:</p><code>SELECT * FROM users WHERE signup_date > '2024-01-01';</code><p>The table has data. What could be wrong?</p>,<mysql><sql><query>,2020-08-08,LQ_EDIT
1419,best programming language? - variant 419,<p>which is the best programming language to learn? python or java or c++?</p>,<programming><career>,2020-07-18,LQ_CLOSE
27,Efficient way to find duplicates in a large list using Python?,"<p>I have a list of approximately 10 million strings and need to find all duplicate entries efficiently. My current approach uses a nested loop which has O(n^2) time complexity and takes too long.</p><p>Current approach:</p><code>duplicates = []
for i in range(len(data)):
    for j in range(i+1, len(data)):
        if data[i] == data[j]:
            duplicates.append(data[i])</code><p>I have considered using a set or dictionary for O(n) lookup. What would be the most memory-efficient approach for this scale of data? Should I consider using pandas or numpy for better performance?</p>",<python><performance><algorithms><duplicates><large-dataset>,2020-02-19,HQ
468,Efficient way to find duplicates in a large list using Python?,"<p>I have a list of approximately 10 million strings and need to find all duplicate entries efficiently. My current approach uses a nested loop which has O(n^2) time complexity and takes too long.</p><p>Current approach:</p><code>duplicates = []
for i in range(len(data)):
    for j in range(i+1, len(data)):
        if data[i] == data[j]:
            duplicates.append(data[i])</code><p>I have considered using a set or dictionary for O(n) lookup. What would be the most memory-efficient approach for this scale of data? Should I consider using pandas or numpy for better performance?</p>",<python><performance><algorithms><duplicates><large-dataset>,2020-07-19,HQ
199,How to implement a binary search tree in Python with O(log n) lookup? - variant 199,"<p>I am working on a data structures course and need to implement a binary search tree (BST) in Python. I need the tree to support insertion, deletion, and lookup operations with O(log n) average time complexity.</p><p>Here is what I have so far:</p><code>class Node:
    def __init__(self, key):
        self.left = None
        self.right = None
        self.val = key</code><p>How can I implement the lookup method efficiently? I have read about balanced BSTs like AVL trees - would that be necessary for guaranteed O(log n)?</p>",<python><data-structures><binary-search-tree><algorithm>,2020-09-07,HQ
885,CSS flexbox not centering my div,"<p>I am trying to center a div using flexbox but it is not working. Here is my code:</p><code>.container {
  display: flex;
  justify-content: center;
}</code><p>The div still appears on the left side. What am I doing wrong?</p>",<css><flexbox><html><centering>,2020-02-17,LQ_EDIT
37,How to implement a binary search tree in Python with O(log n) lookup? - variant 37,"<p>I am working on a data structures course and need to implement a binary search tree (BST) in Python. I need the tree to support insertion, deletion, and lookup operations with O(log n) average time complexity.</p><p>Here is what I have so far:</p><code>class Node:
    def __init__(self, key):
        self.left = None
        self.right = None
        self.val = key</code><p>How can I implement the lookup method efficiently? I have read about balanced BSTs like AVL trees - would that be necessary for guaranteed O(log n)?</p>",<python><data-structures><binary-search-tree><algorithm>,2020-12-11,HQ
925,Git merge conflict - how to resolve? (approach 425),"<p>I got a merge conflict when trying to merge my branch into main. The file shows these markers:</p><code><<<<<<< HEAD
my changes
=======
their changes
>>>>>>> feature-branch</code><p>How do I properly resolve this?</p>",<git><merge-conflict><version-control>,2020-12-22,LQ_EDIT
260,What is the difference between == and === operators in JavaScript?,"<p>I have been learning JavaScript and encountered both == and === operators. I understand that == checks for equality while === checks for strict equality, but I am confused about when to use each one.</p><p>For example:</p><code>console.log(1 == '1');  // true
console.log(1 === '1'); // false</code><p>Can someone explain the type coercion rules that == follows? Are there any best practices for which one to use in production code?</p>",<javascript><operators><comparison><type-coercion>,2020-04-19,HQ
1327,plz send me the code,<p>i need to make a website. can someone send me the full code? i dont know html</p>,<html><website>,2020-05-06,LQ_CLOSE
766,MySQL query not returning expected results - variant 266,<p>I have a MySQL query that should return all users who signed up last month but it returns nothing. Here is my query:</p><code>SELECT * FROM users WHERE signup_date > '2024-01-01';</code><p>The table has data. What could be wrong?</p>,<mysql><sql><query>,2020-06-10,LQ_EDIT
1421,is this good,<p>is my code good?</p>,<code-review>,2020-10-08,LQ_CLOSE
883,Sort a list in Python (approach 383),"<p>I need to sort a list in Python. I have tried using sort() but it doesn't seem to work for my case. My list contains both numbers and strings.</p><code>my_list = [3, 1, 'apple', 2, 'banana']</code><p>How can I sort this?</p>",<python><sorting><list>,2020-11-27,LQ_EDIT
1274,HEEELP,<p>nothing works!!!</p>,,2020-03-19,LQ_CLOSE
627,How to read a file in Java? (approach 127),"<p>I need to read a text file in Java. I found several ways to do it (BufferedReader, Scanner, Files.readAllLines) but I am not sure which one to use. Can someone suggest the best approach for reading a large text file line by line?</p>",<java><file-io><reading>,2020-03-09,LQ_EDIT
679,CSS flexbox not centering my div - variant 179,"<p>I am trying to center a div using flexbox but it is not working. Here is my code:</p><code>.container {
  display: flex;
  justify-content: center;
}</code><p>The div still appears on the left side. What am I doing wrong?</p>",<css><flexbox><html><centering>,2020-07-17,LQ_EDIT
1497,python,<p>how to learn python fast</p>,<python>,2020-07-08,LQ_CLOSE
1370,code not working [370],<p>i wrote some code but it doesnt work. can someone fix it for me?</p>,<python>,2020-12-23,LQ_CLOSE
108,What is the difference between == and === operators in JavaScript?,"<p>I have been learning JavaScript and encountered both == and === operators. I understand that == checks for equality while === checks for strict equality, but I am confused about when to use each one.</p><p>For example:</p><code>console.log(1 == '1');  // true
console.log(1 === '1'); // false</code><p>Can someone explain the type coercion rules that == follows? Are there any best practices for which one to use in production code?</p>",<javascript><operators><comparison><type-coercion>,2020-01-09,HQ
620,React component not re-rendering when state changes,"<p>My React component is not re-rendering when I update the state. I am using useState but the UI does not reflect the change.</p><code>const [items, setItems] = useState([1,2,3]);
items.push(4);
setItems(items);</code><p>Why is the component not updating?</p>",<react><state><re-render><hooks>,2020-03-03,LQ_EDIT
1495,what? [495],<p>what is the difference?</p>,,2020-05-16,LQ_CLOSE
343,How to implement a binary search tree in Python with O(log n) lookup? (approach 343),"<p>I am working on a data structures course and need to implement a binary search tree (BST) in Python. I need the tree to support insertion, deletion, and lookup operations with O(log n) average time complexity.</p><p>Here is what I have so far:</p><code>class Node:
    def __init__(self, key):
        self.left = None
        self.right = None
        self.val = key</code><p>How can I implement the lookup method efficiently? I have read about balanced BSTs like AVL trees - would that be necessary for guaranteed O(log n)?</p>",<python><data-structures><binary-search-tree><algorithm>,2020-06-07,HQ
1235,plz send me the code [235],<p>i need to make a website. can someone send me the full code? i dont know html</p>,<html><website>,2020-07-02,LQ_CLOSE
1110,help plz [110],<p>my code doesnt work</p>,<python>,2020-08-04,LQ_CLOSE
143,Efficient way to find duplicates in a large list using Python? [143],"<p>I have a list of approximately 10 million strings and need to find all duplicate entries efficiently. My current approach uses a nested loop which has O(n^2) time complexity and takes too long.</p><p>Current approach:</p><code>duplicates = []
for i in range(len(data)):
    for j in range(i+1, len(data)):
        if data[i] == data[j]:
            duplicates.append(data[i])</code><p>I have considered using a set or dictionary for O(n) lookup. What would be the most memory-efficient approach for this scale of data? Should I consider using pandas or numpy for better performance?</p>",<python><performance><algorithms><duplicates><large-dataset>,2020-10-16,HQ
414,How to implement a binary search tree in Python with O(log n) lookup?,"<p>I am working on a data structures course and need to implement a binary search tree (BST) in Python. I need the tree to support insertion, deletion, and lookup operations with O(log n) average time complexity.</p><p>Here is what I have so far:</p><code>class Node:
    def __init__(self, key):
        self.left = None
        self.right = None
        self.val = key</code><p>How can I implement the lookup method efficiently? I have read about balanced BSTs like AVL trees - would that be necessary for guaranteed O(log n)?</p>",<python><data-structures><binary-search-tree><algorithm>,2020-07-14,HQ
1141,plz send me the code [141],<p>i need to make a website. can someone send me the full code? i dont know html</p>,<html><website>,2020-02-21,LQ_CLOSE
709,Docker container exits immediately after starting - variant 209,<p>My Docker container starts and then immediately exits. I am running:</p><code>docker run my-app</code><p>When I check the logs there is nothing useful. The Dockerfile uses a Python base image. What could cause this behavior?</p>,<docker><container><python>,2020-09-15,LQ_EDIT
870,Sort a list in Python,"<p>I need to sort a list in Python. I have tried using sort() but it doesn't seem to work for my case. My list contains both numbers and strings.</p><code>my_list = [3, 1, 'apple', 2, 'banana']</code><p>How can I sort this?</p>",<python><sorting><list>,2020-12-19,LQ_EDIT
1225,help plz - variant 225,<p>my code doesnt work</p>,<python>,2020-12-02,LQ_CLOSE
231,How to handle CORS errors in a React app calling a REST API?,"<p>I am building a React frontend that calls a Node.js Express backend API. When I make fetch requests from my React app (running on localhost:3000) to my API (running on localhost:5000), I get the following error:</p><code>Access to fetch at 'http://localhost:5000/api/data' from origin 'http://localhost:3000' has been blocked by CORS policy</code><p>I have tried adding the cors middleware to my Express server but the error persists. Here is my Express configuration:</p><code>const cors = require('cors');
app.use(cors());</code><p>What am I missing? Is there a way to configure CORS headers properly for both development and production environments?</p>",<javascript><react><cors><express><rest-api>,2020-04-09,HQ
752,CSS flexbox not centering my div (approach 252),"<p>I am trying to center a div using flexbox but it is not working. Here is my code:</p><code>.container {
  display: flex;
  justify-content: center;
}</code><p>The div still appears on the left side. What am I doing wrong?</p>",<css><flexbox><html><centering>,2020-03-14,LQ_EDIT
1084,is this good (approach 84),<p>is my code good?</p>,<code-review>,2020-03-11,LQ_CLOSE
1364,best programming language? (approach 364),<p>which is the best programming language to learn? python or java or c++?</p>,<programming><career>,2020-11-01,LQ_CLOSE
805,Sort a list in Python [305],"<p>I need to sort a list in Python. I have tried using sort() but it doesn't seem to work for my case. My list contains both numbers and strings.</p><code>my_list = [3, 1, 'apple', 2, 'banana']</code><p>How can I sort this?</p>",<python><sorting><list>,2020-07-09,LQ_EDIT
395,Efficient way to find duplicates in a large list using Python? [395],"<p>I have a list of approximately 10 million strings and need to find all duplicate entries efficiently. My current approach uses a nested loop which has O(n^2) time complexity and takes too long.</p><p>Current approach:</p><code>duplicates = []
for i in range(len(data)):
    for j in range(i+1, len(data)):
        if data[i] == data[j]:
            duplicates.append(data[i])</code><p>I have considered using a set or dictionary for O(n) lookup. What would be the most memory-efficient approach for this scale of data? Should I consider using pandas or numpy for better performance?</p>",<python><performance><algorithms><duplicates><large-dataset>,2020-09-17,HQ
1222,best programming language?,<p>which is the best programming language to learn? python or java or c++?</p>,<programming><career>,2020-09-05,LQ_CLOSE
780,MySQL query not returning expected results - variant 280,<p>I have a MySQL query that should return all users who signed up last month but it returns nothing. Here is my query:</p><code>SELECT * FROM users WHERE signup_date > '2024-01-01';</code><p>The table has data. What could be wrong?</p>,<mysql><sql><query>,2020-05-28,LQ_EDIT
1268,best programming language? - variant 268,<p>which is the best programming language to learn? python or java or c++?</p>,<programming><career>,2020-06-18,LQ_CLOSE
985,Python error: list index out of range,"<p>I keep getting an IndexError when I try to access elements in my list. My code loops through a list and tries to access the next element:</p><code>for i in range(len(my_list)):
    print(my_list[i+1])</code><p>Why does this happen and how do I fix it?</p>",<python><error><list><indexerror>,2020-10-21,LQ_EDIT
1028,what? [28],<p>what is the difference?</p>,,2020-08-11,LQ_CLOSE
1473,code not working - variant 473,<p>i wrote some code but it doesnt work. can someone fix it for me?</p>,<python>,2020-05-07,LQ_CLOSE
588,Sort a list in Python,"<p>I need to sort a list in Python. I have tried using sort() but it doesn't seem to work for my case. My list contains both numbers and strings.</p><code>my_list = [3, 1, 'apple', 2, 'banana']</code><p>How can I sort this?</p>",<python><sorting><list>,2020-07-03,LQ_EDIT
1095,is this good,<p>is my code good?</p>,<code-review>,2020-07-11,LQ_CLOSE
994,How to read a file in Java? [494],"<p>I need to read a text file in Java. I found several ways to do it (BufferedReader, Scanner, Files.readAllLines) but I am not sure which one to use. Can someone suggest the best approach for reading a large text file line by line?</p>",<java><file-io><reading>,2020-08-18,LQ_EDIT
797,Python error: list index out of range,"<p>I keep getting an IndexError when I try to access elements in my list. My code loops through a list and tries to access the next element:</p><code>for i in range(len(my_list)):
    print(my_list[i+1])</code><p>Why does this happen and how do I fix it?</p>",<python><error><list><indexerror>,2020-10-17,LQ_EDIT
998,Python error: list index out of range,"<p>I keep getting an IndexError when I try to access elements in my list. My code loops through a list and tries to access the next element:</p><code>for i in range(len(my_list)):
    print(my_list[i+1])</code><p>Why does this happen and how do I fix it?</p>",<python><error><list><indexerror>,2020-10-26,LQ_EDIT
326,How does garbage collection work in Java and when does it run?,"<p>I am trying to understand Java's garbage collection mechanism. Specifically, I want to know:</p><p>1. How does the JVM decide which objects are eligible for garbage collection?</p><p>2. What are the different garbage collection algorithms available (Serial, Parallel, G1, ZGC)?</p><p>3. Can I force garbage collection to run, or is it always at the JVM's discretion?</p><p>I have read that calling System.gc() is just a suggestion to the JVM. In a production environment with high memory usage, what GC tuning parameters should I consider?</p>",<java><garbage-collection><jvm><memory-management><performance>,2020-03-14,HQ
178,How to properly implement authentication with JWT tokens in a Node.js API?,"<p>I am building a REST API with Node.js and Express, and I want to implement JWT-based authentication. I have a few concerns about security best practices:</p><p>1. Should I store the JWT in localStorage, sessionStorage, or an HTTP-only cookie?</p><p>2. How should I handle token refresh to maintain user sessions without forcing re-login?</p><p>3. What claims should I include in the payload?</p><p>Here is my current token generation:</p><code>const jwt = require('jsonwebtoken');
const token = jwt.sign({ userId: user.id }, process.env.SECRET, { expiresIn: '1h' });</code><p>Is a 1-hour expiration reasonable? How do I securely implement refresh tokens?</p>",<node.js><jwt><authentication><security><express>,2020-09-14,HQ
833,React component not re-rendering when state changes (approach 333),"<p>My React component is not re-rendering when I update the state. I am using useState but the UI does not reflect the change.</p><code>const [items, setItems] = useState([1,2,3]);
items.push(4);
setItems(items);</code><p>Why is the component not updating?</p>",<react><state><re-render><hooks>,2020-01-05,LQ_EDIT
1073,help plz,<p>my code doesnt work</p>,<python>,2020-05-16,LQ_CLOSE
1037,python (approach 37),<p>how to learn python fast</p>,<python>,2020-07-28,LQ_CLOSE
224,Best practices for database indexing in PostgreSQL for query optimization? - variant 224,"<p>I have a PostgreSQL database with a table containing about 50 million rows. My queries are becoming slow, especially those with WHERE clauses on multiple columns and JOIN operations.</p><p>Current table structure:</p><code>CREATE TABLE orders (
    id SERIAL PRIMARY KEY,
    customer_id INT,
    product_id INT,
    order_date TIMESTAMP,
    total_amount DECIMAL(10,2),
    status VARCHAR(20)
);</code><p>I frequently query by customer_id, order_date ranges, and status. Should I create composite indexes? What is the impact on INSERT performance? How do I use EXPLAIN ANALYZE to identify bottlenecks?</p>",<postgresql><database><indexing><query-optimization><performance>,2020-05-07,HQ
694,CSS flexbox not centering my div,"<p>I am trying to center a div using flexbox but it is not working. Here is my code:</p><code>.container {
  display: flex;
  justify-content: center;
}</code><p>The div still appears on the left side. What am I doing wrong?</p>",<css><flexbox><html><centering>,2020-10-24,LQ_EDIT
58,How to properly implement authentication with JWT tokens in a Node.js API? [58],"<p>I am building a REST API with Node.js and Express, and I want to implement JWT-based authentication. I have a few concerns about security best practices:</p><p>1. Should I store the JWT in localStorage, sessionStorage, or an HTTP-only cookie?</p><p>2. How should I handle token refresh to maintain user sessions without forcing re-login?</p><p>3. What claims should I include in the payload?</p><p>Here is my current token generation:</p><code>const jwt = require('jsonwebtoken');
const token = jwt.sign({ userId: user.id }, process.env.SECRET, { expiresIn: '1h' });</code><p>Is a 1-hour expiration reasonable? How do I securely implement refresh tokens?</p>",<node.js><jwt><authentication><security><express>,2020-07-09,HQ
678,Git merge conflict - how to resolve?,"<p>I got a merge conflict when trying to merge my branch into main. The file shows these markers:</p><code><<<<<<< HEAD
my changes
=======
their changes
>>>>>>> feature-branch</code><p>How do I properly resolve this?</p>",<git><merge-conflict><version-control>,2020-02-05,LQ_EDIT
859,React component not re-rendering when state changes (approach 359),"<p>My React component is not re-rendering when I update the state. I am using useState but the UI does not reflect the change.</p><code>const [items, setItems] = useState([1,2,3]);
items.push(4);
setItems(items);</code><p>Why is the component not updating?</p>",<react><state><re-render><hooks>,2020-09-26,LQ_EDIT
392,Understanding Python decorators with arguments - how do they work internally?,"<p>I understand basic Python decorators, but I am struggling with decorators that accept arguments. For example:</p><code>@my_decorator(arg1, arg2)
def my_function():
    pass</code><p>This seems to involve three levels of nested functions. Can someone break down the execution flow step by step? How does Python handle the difference between @my_decorator and @my_decorator(args)?</p><p>I am particularly confused about how functools.wraps plays into this and why it is recommended. A clear example with the execution order would be very helpful.</p>",<python><decorators><functions><metaprogramming>,2020-11-26,HQ
1368,is this good [368],<p>is my code good?</p>,<code-review>,2020-04-05,LQ_CLOSE
827,Docker container exits immediately after starting [327],<p>My Docker container starts and then immediately exits. I am running:</p><code>docker run my-app</code><p>When I check the logs there is nothing useful. The Dockerfile uses a Python base image. What could cause this behavior?</p>,<docker><container><python>,2020-10-17,LQ_EDIT
95,How does garbage collection work in Java and when does it run? [95],"<p>I am trying to understand Java's garbage collection mechanism. Specifically, I want to know:</p><p>1. How does the JVM decide which objects are eligible for garbage collection?</p><p>2. What are the different garbage collection algorithms available (Serial, Parallel, G1, ZGC)?</p><p>3. Can I force garbage collection to run, or is it always at the JVM's discretion?</p><p>I have read that calling System.gc() is just a suggestion to the JVM. In a production environment with high memory usage, what GC tuning parameters should I consider?</p>",<java><garbage-collection><jvm><memory-management><performance>,2020-10-23,HQ
289,How to handle CORS errors in a React app calling a REST API?,"<p>I am building a React frontend that calls a Node.js Express backend API. When I make fetch requests from my React app (running on localhost:3000) to my API (running on localhost:5000), I get the following error:</p><code>Access to fetch at 'http://localhost:5000/api/data' from origin 'http://localhost:3000' has been blocked by CORS policy</code><p>I have tried adding the cors middleware to my Express server but the error persists. Here is my Express configuration:</p><code>const cors = require('cors');
app.use(cors());</code><p>What am I missing? Is there a way to configure CORS headers properly for both development and production environments?</p>",<javascript><react><cors><express><rest-api>,2020-08-01,HQ
1124,is this good,<p>is my code good?</p>,<code-review>,2020-12-02,LQ_CLOSE
1398,urgent!!! need answer now,<p>how do i fix this error??? its not working and i need to submit tomorrow. please help urgent</p>,<java>,2020-08-11,LQ_CLOSE
510,Git merge conflict - how to resolve? [10],"<p>I got a merge conflict when trying to merge my branch into main. The file shows these markers:</p><code><<<<<<< HEAD
my changes
=======
their changes
>>>>>>> feature-branch</code><p>How do I properly resolve this?</p>",<git><merge-conflict><version-control>,2020-04-05,LQ_EDIT
1183,error,<p>getting an error. why?</p>,,2020-04-26,LQ_CLOSE
70,Best practices for database indexing in PostgreSQL for query optimization? [70],"<p>I have a PostgreSQL database with a table containing about 50 million rows. My queries are becoming slow, especially those with WHERE clauses on multiple columns and JOIN operations.</p><p>Current table structure:</p><code>CREATE TABLE orders (
    id SERIAL PRIMARY KEY,
    customer_id INT,
    product_id INT,
    order_date TIMESTAMP,
    total_amount DECIMAL(10,2),
    status VARCHAR(20)
);</code><p>I frequently query by customer_id, order_date ranges, and status. Should I create composite indexes? What is the impact on INSERT performance? How do I use EXPLAIN ANALYZE to identify bottlenecks?</p>",<postgresql><database><indexing><query-optimization><performance>,2020-12-15,HQ
1348,plz send me the code,<p>i need to make a website. can someone send me the full code? i dont know html</p>,<html><website>,2020-07-25,LQ_CLOSE
1307,help plz (approach 307),<p>my code doesnt work</p>,<python>,2020-01-08,LQ_CLOSE
1269,is this good,<p>is my code good?</p>,<code-review>,2020-07-01,LQ_CLOSE
1205,what? (approach 205),<p>what is the difference?</p>,,2020-09-06,LQ_CLOSE
1310,error [310],<p>getting an error. why?</p>,,2020-06-03,LQ_CLOSE
706,Python error: list index out of range [206],"<p>I keep getting an IndexError when I try to access elements in my list. My code loops through a list and tries to access the next element:</p><code>for i in range(len(my_list)):
    print(my_list[i+1])</code><p>Why does this happen and how do I fix it?</p>",<python><error><list><indexerror>,2020-06-10,LQ_EDIT
1062,need project (approach 62),<p>can someone give me a python project for my college assignment? it should be easy and about machine learning</p>,<python><machine-learning><project>,2020-06-18,LQ_CLOSE
1236,plz send me the code - variant 236,<p>i need to make a website. can someone send me the full code? i dont know html</p>,<html><website>,2020-07-19,LQ_CLOSE
312,Understanding Python decorators with arguments - how do they work internally? - variant 312,"<p>I understand basic Python decorators, but I am struggling with decorators that accept arguments. For example:</p><code>@my_decorator(arg1, arg2)
def my_function():
    pass</code><p>This seems to involve three levels of nested functions. Can someone break down the execution flow step by step? How does Python handle the difference between @my_decorator and @my_decorator(args)?</p><p>I am particularly confused about how functools.wraps plays into this and why it is recommended. A clear example with the execution order would be very helpful.</p>",<python><decorators><functions><metaprogramming>,2020-12-18,HQ
889,CSS flexbox not centering my div (approach 389),"<p>I am trying to center a div using flexbox but it is not working. Here is my code:</p><code>.container {
  display: flex;
  justify-content: center;
}</code><p>The div still appears on the left side. What am I doing wrong?</p>",<css><flexbox><html><centering>,2020-05-12,LQ_EDIT
906,CSS flexbox not centering my div - variant 406,"<p>I am trying to center a div using flexbox but it is not working. Here is my code:</p><code>.container {
  display: flex;
  justify-content: center;
}</code><p>The div still appears on the left side. What am I doing wrong?</p>",<css><flexbox><html><centering>,2020-02-13,LQ_EDIT
1365,error [365],<p>getting an error. why?</p>,,2020-07-13,LQ_CLOSE
800,Sort a list in Python (approach 300),"<p>I need to sort a list in Python. I have tried using sort() but it doesn't seem to work for my case. My list contains both numbers and strings.</p><code>my_list = [3, 1, 'apple', 2, 'banana']</code><p>How can I sort this?</p>",<python><sorting><list>,2020-07-17,LQ_EDIT
1027,need project (approach 27),<p>can someone give me a python project for my college assignment? it should be easy and about machine learning</p>,<python><machine-learning><project>,2020-07-22,LQ_CLOSE
1233,python,<p>how to learn python fast</p>,<python>,2020-04-23,LQ_CLOSE
16,How to handle CORS errors in a React app calling a REST API? - variant 16,"<p>I am building a React frontend that calls a Node.js Express backend API. When I make fetch requests from my React app (running on localhost:3000) to my API (running on localhost:5000), I get the following error:</p><code>Access to fetch at 'http://localhost:5000/api/data' from origin 'http://localhost:3000' has been blocked by CORS policy</code><p>I have tried adding the cors middleware to my Express server but the error persists. Here is my Express configuration:</p><code>const cors = require('cors');
app.use(cors());</code><p>What am I missing? Is there a way to configure CORS headers properly for both development and production environments?</p>",<javascript><react><cors><express><rest-api>,2020-11-16,HQ
1427,HEEELP (approach 427),<p>nothing works!!!</p>,,2020-09-01,LQ_CLOSE
1051,python [51],<p>how to learn python fast</p>,<python>,2020-04-09,LQ_CLOSE
1383,help plz (approach 383),<p>my code doesnt work</p>,<python>,2020-12-04,LQ_CLOSE
880,How to read a file in Java?,"<p>I need to read a text file in Java. I found several ways to do it (BufferedReader, Scanner, Files.readAllLines) but I am not sure which one to use. Can someone suggest the best approach for reading a large text file line by line?</p>",<java><file-io><reading>,2020-12-17,LQ_EDIT
1324,what? [324],<p>what is the difference?</p>,,2020-05-15,LQ_CLOSE
852,MySQL query not returning expected results (approach 352),<p>I have a MySQL query that should return all users who signed up last month but it returns nothing. Here is my query:</p><code>SELECT * FROM users WHERE signup_date > '2024-01-01';</code><p>The table has data. What could be wrong?</p>,<mysql><sql><query>,2020-07-18,LQ_EDIT
269,How to properly implement authentication with JWT tokens in a Node.js API?,"<p>I am building a REST API with Node.js and Express, and I want to implement JWT-based authentication. I have a few concerns about security best practices:</p><p>1. Should I store the JWT in localStorage, sessionStorage, or an HTTP-only cookie?</p><p>2. How should I handle token refresh to maintain user sessions without forcing re-login?</p><p>3. What claims should I include in the payload?</p><p>Here is my current token generation:</p><code>const jwt = require('jsonwebtoken');
const token = jwt.sign({ userId: user.id }, process.env.SECRET, { expiresIn: '1h' });</code><p>Is a 1-hour expiration reasonable? How do I securely implement refresh tokens?</p>",<node.js><jwt><authentication><security><express>,2020-04-26,HQ
1409,python - variant 409,<p>how to learn python fast</p>,<python>,2020-09-18,LQ_CLOSE
993,How to read a file in Java?,"<p>I need to read a text file in Java. I found several ways to do it (BufferedReader, Scanner, Files.readAllLines) but I am not sure which one to use. Can someone suggest the best approach for reading a large text file line by line?</p>",<java><file-io><reading>,2020-08-05,LQ_EDIT
1478,plz send me the code,<p>i need to make a website. can someone send me the full code? i dont know html</p>,<html><website>,2020-05-06,LQ_CLOSE
1059,code not working - variant 59,<p>i wrote some code but it doesnt work. can someone fix it for me?</p>,<python>,2020-08-22,LQ_CLOSE
1451,need project - variant 451,<p>can someone give me a python project for my college assignment? it should be easy and about machine learning</p>,<python><machine-learning><project>,2020-10-22,LQ_CLOSE
915,React component not re-rendering when state changes,"<p>My React component is not re-rendering when I update the state. I am using useState but the UI does not reflect the change.</p><code>const [items, setItems] = useState([1,2,3]);
items.push(4);
setItems(items);</code><p>Why is the component not updating?</p>",<react><state><re-render><hooks>,2020-09-24,LQ_EDIT
1346,error (approach 346),<p>getting an error. why?</p>,,2020-11-18,LQ_CLOSE
816,React component not re-rendering when state changes,"<p>My React component is not re-rendering when I update the state. I am using useState but the UI does not reflect the change.</p><code>const [items, setItems] = useState([1,2,3]);
items.push(4);
setItems(items);</code><p>Why is the component not updating?</p>",<react><state><re-render><hooks>,2020-12-27,LQ_EDIT
272,Understanding Python decorators with arguments - how do they work internally?,"<p>I understand basic Python decorators, but I am struggling with decorators that accept arguments. For example:</p><code>@my_decorator(arg1, arg2)
def my_function():
    pass</code><p>This seems to involve three levels of nested functions. Can someone break down the execution flow step by step? How does Python handle the difference between @my_decorator and @my_decorator(args)?</p><p>I am particularly confused about how functools.wraps plays into this and why it is recommended. A clear example with the execution order would be very helpful.</p>",<python><decorators><functions><metaprogramming>,2020-11-11,HQ
121,Best practices for database indexing in PostgreSQL for query optimization?,"<p>I have a PostgreSQL database with a table containing about 50 million rows. My queries are becoming slow, especially those with WHERE clauses on multiple columns and JOIN operations.</p><p>Current table structure:</p><code>CREATE TABLE orders (
    id SERIAL PRIMARY KEY,
    customer_id INT,
    product_id INT,
    order_date TIMESTAMP,
    total_amount DECIMAL(10,2),
    status VARCHAR(20)
);</code><p>I frequently query by customer_id, order_date ranges, and status. Should I create composite indexes? What is the impact on INSERT performance? How do I use EXPLAIN ANALYZE to identify bottlenecks?</p>",<postgresql><database><indexing><query-optimization><performance>,2020-10-17,HQ
892,CSS flexbox not centering my div (approach 392),"<p>I am trying to center a div using flexbox but it is not working. Here is my code:</p><code>.container {
  display: flex;
  justify-content: center;
}</code><p>The div still appears on the left side. What am I doing wrong?</p>",<css><flexbox><html><centering>,2020-03-23,LQ_EDIT
899,Sort a list in Python (approach 399),"<p>I need to sort a list in Python. I have tried using sort() but it doesn't seem to work for my case. My list contains both numbers and strings.</p><code>my_list = [3, 1, 'apple', 2, 'banana']</code><p>How can I sort this?</p>",<python><sorting><list>,2020-07-14,LQ_EDIT
615,Python error: list index out of range - variant 115,"<p>I keep getting an IndexError when I try to access elements in my list. My code loops through a list and tries to access the next element:</p><code>for i in range(len(my_list)):
    print(my_list[i+1])</code><p>Why does this happen and how do I fix it?</p>",<python><error><list><indexerror>,2020-06-25,LQ_EDIT
1336,help plz,<p>my code doesnt work</p>,<python>,2020-07-28,LQ_CLOSE
1204,best programming language? - variant 204,<p>which is the best programming language to learn? python or java or c++?</p>,<programming><career>,2020-11-08,LQ_CLOSE
1321,code not working - variant 321,<p>i wrote some code but it doesnt work. can someone fix it for me?</p>,<python>,2020-04-27,LQ_CLOSE
924,Sort a list in Python (approach 424),"<p>I need to sort a list in Python. I have tried using sort() but it doesn't seem to work for my case. My list contains both numbers and strings.</p><code>my_list = [3, 1, 'apple', 2, 'banana']</code><p>How can I sort this?</p>",<python><sorting><list>,2020-04-22,LQ_EDIT
696,Python error: list index out of range (approach 196),"<p>I keep getting an IndexError when I try to access elements in my list. My code loops through a list and tries to access the next element:</p><code>for i in range(len(my_list)):
    print(my_list[i+1])</code><p>Why does this happen and how do I fix it?</p>",<python><error><list><indexerror>,2020-10-16,LQ_EDIT
929,Sort a list in Python,"<p>I need to sort a list in Python. I have tried using sort() but it doesn't seem to work for my case. My list contains both numbers and strings.</p><code>my_list = [3, 1, 'apple', 2, 'banana']</code><p>How can I sort this?</p>",<python><sorting><list>,2020-03-18,LQ_EDIT
710,CSS flexbox not centering my div (approach 210),"<p>I am trying to center a div using flexbox but it is not working. Here is my code:</p><code>.container {
  display: flex;
  justify-content: center;
}</code><p>The div still appears on the left side. What am I doing wrong?</p>",<css><flexbox><html><centering>,2020-12-11,LQ_EDIT
81,How does garbage collection work in Java and when does it run?,"<p>I am trying to understand Java's garbage collection mechanism. Specifically, I want to know:</p><p>1. How does the JVM decide which objects are eligible for garbage collection?</p><p>2. What are the different garbage collection algorithms available (Serial, Parallel, G1, ZGC)?</p><p>3. Can I force garbage collection to run, or is it always at the JVM's discretion?</p><p>I have read that calling System.gc() is just a suggestion to the JVM. In a production environment with high memory usage, what GC tuning parameters should I consider?</p>",<java><garbage-collection><jvm><memory-management><performance>,2020-02-15,HQ
458,Efficient way to find duplicates in a large list using Python? [458],"<p>I have a list of approximately 10 million strings and need to find all duplicate entries efficiently. My current approach uses a nested loop which has O(n^2) time complexity and takes too long.</p><p>Current approach:</p><code>duplicates = []
for i in range(len(data)):
    for j in range(i+1, len(data)):
        if data[i] == data[j]:
            duplicates.append(data[i])</code><p>I have considered using a set or dictionary for O(n) lookup. What would be the most memory-efficient approach for this scale of data? Should I consider using pandas or numpy for better performance?</p>",<python><performance><algorithms><duplicates><large-dataset>,2020-07-12,HQ
1483,error,<p>getting an error. why?</p>,,2020-11-04,LQ_CLOSE
1254,best programming language? - variant 254,<p>which is the best programming language to learn? python or java or c++?</p>,<programming><career>,2020-11-13,LQ_CLOSE
329,Efficient way to find duplicates in a large list using Python? - variant 329,"<p>I have a list of approximately 10 million strings and need to find all duplicate entries efficiently. My current approach uses a nested loop which has O(n^2) time complexity and takes too long.</p><p>Current approach:</p><code>duplicates = []
for i in range(len(data)):
    for j in range(i+1, len(data)):
        if data[i] == data[j]:
            duplicates.append(data[i])</code><p>I have considered using a set or dictionary for O(n) lookup. What would be the most memory-efficient approach for this scale of data? Should I consider using pandas or numpy for better performance?</p>",<python><performance><algorithms><duplicates><large-dataset>,2020-02-08,HQ
137,Best practices for database indexing in PostgreSQL for query optimization? - variant 137,"<p>I have a PostgreSQL database with a table containing about 50 million rows. My queries are becoming slow, especially those with WHERE clauses on multiple columns and JOIN operations.</p><p>Current table structure:</p><code>CREATE TABLE orders (
    id SERIAL PRIMARY KEY,
    customer_id INT,
    product_id INT,
    order_date TIMESTAMP,
    total_amount DECIMAL(10,2),
    status VARCHAR(20)
);</code><p>I frequently query by customer_id, order_date ranges, and status. Should I create composite indexes? What is the impact on INSERT performance? How do I use EXPLAIN ANALYZE to identify bottlenecks?</p>",<postgresql><database><indexing><query-optimization><performance>,2020-06-25,HQ
973,Python error: list index out of range,"<p>I keep getting an IndexError when I try to access elements in my list. My code loops through a list and tries to access the next element:</p><code>for i in range(len(my_list)):
    print(my_list[i+1])</code><p>Why does this happen and how do I fix it?</p>",<python><error><list><indexerror>,2020-12-07,LQ_EDIT
908,How to read a file in Java?,"<p>I need to read a text file in Java. I found several ways to do it (BufferedReader, Scanner, Files.readAllLines) but I am not sure which one to use. Can someone suggest the best approach for reading a large text file line by line?</p>",<java><file-io><reading>,2020-06-23,LQ_EDIT
1102,error (approach 102),<p>getting an error. why?</p>,,2020-11-13,LQ_CLOSE
1293,plz send me the code [293],<p>i need to make a website. can someone send me the full code? i dont know html</p>,<html><website>,2020-03-13,LQ_CLOSE
1132,code not working - variant 132,<p>i wrote some code but it doesnt work. can someone fix it for me?</p>,<python>,2020-05-10,LQ_CLOSE
623,Docker container exits immediately after starting (approach 123),<p>My Docker container starts and then immediately exits. I am running:</p><code>docker run my-app</code><p>When I check the logs there is nothing useful. The Dockerfile uses a Python base image. What could cause this behavior?</p>,<docker><container><python>,2020-02-27,LQ_EDIT
18,Best practices for database indexing in PostgreSQL for query optimization? (approach 18),"<p>I have a PostgreSQL database with a table containing about 50 million rows. My queries are becoming slow, especially those with WHERE clauses on multiple columns and JOIN operations.</p><p>Current table structure:</p><code>CREATE TABLE orders (
    id SERIAL PRIMARY KEY,
    customer_id INT,
    product_id INT,
    order_date TIMESTAMP,
    total_amount DECIMAL(10,2),
    status VARCHAR(20)
);</code><p>I frequently query by customer_id, order_date ranges, and status. Should I create composite indexes? What is the impact on INSERT performance? How do I use EXPLAIN ANALYZE to identify bottlenecks?</p>",<postgresql><database><indexing><query-optimization><performance>,2020-10-18,HQ
446,How to implement a binary search tree in Python with O(log n) lookup?,"<p>I am working on a data structures course and need to implement a binary search tree (BST) in Python. I need the tree to support insertion, deletion, and lookup operations with O(log n) average time complexity.</p><p>Here is what I have so far:</p><code>class Node:
    def __init__(self, key):
        self.left = None
        self.right = None
        self.val = key</code><p>How can I implement the lookup method efficiently? I have read about balanced BSTs like AVL trees - would that be necessary for guaranteed O(log n)?</p>",<python><data-structures><binary-search-tree><algorithm>,2020-03-15,HQ
394,How to handle CORS errors in a React app calling a REST API?,"<p>I am building a React frontend that calls a Node.js Express backend API. When I make fetch requests from my React app (running on localhost:3000) to my API (running on localhost:5000), I get the following error:</p><code>Access to fetch at 'http://localhost:5000/api/data' from origin 'http://localhost:3000' has been blocked by CORS policy</code><p>I have tried adding the cors middleware to my Express server but the error persists. Here is my Express configuration:</p><code>const cors = require('cors');
app.use(cors());</code><p>What am I missing? Is there a way to configure CORS headers properly for both development and production environments?</p>",<javascript><react><cors><express><rest-api>,2020-08-04,HQ
104,Best practices for database indexing in PostgreSQL for query optimization? - variant 104,"<p>I have a PostgreSQL database with a table containing about 50 million rows. My queries are becoming slow, especially those with WHERE clauses on multiple columns and JOIN operations.</p><p>Current table structure:</p><code>CREATE TABLE orders (
    id SERIAL PRIMARY KEY,
    customer_id INT,
    product_id INT,
    order_date TIMESTAMP,
    total_amount DECIMAL(10,2),
    status VARCHAR(20)
);</code><p>I frequently query by customer_id, order_date ranges, and status. Should I create composite indexes? What is the impact on INSERT performance? How do I use EXPLAIN ANALYZE to identify bottlenecks?</p>",<postgresql><database><indexing><query-optimization><performance>,2020-11-07,HQ
307,How does garbage collection work in Java and when does it run? (approach 307),"<p>I am trying to understand Java's garbage collection mechanism. Specifically, I want to know:</p><p>1. How does the JVM decide which objects are eligible for garbage collection?</p><p>2. What are the different garbage collection algorithms available (Serial, Parallel, G1, ZGC)?</p><p>3. Can I force garbage collection to run, or is it always at the JVM's discretion?</p><p>I have read that calling System.gc() is just a suggestion to the JVM. In a production environment with high memory usage, what GC tuning parameters should I consider?</p>",<java><garbage-collection><jvm><memory-management><performance>,2020-10-22,HQ
536,Git merge conflict - how to resolve?,"<p>I got a merge conflict when trying to merge my branch into main. The file shows these markers:</p><code><<<<<<< HEAD
my changes
=======
their changes
>>>>>>> feature-branch</code><p>How do I properly resolve this?</p>",<git><merge-conflict><version-control>,2020-12-05,LQ_EDIT
739,CSS flexbox not centering my div - variant 239,"<p>I am trying to center a div using flexbox but it is not working. Here is my code:</p><code>.container {
  display: flex;
  justify-content: center;
}</code><p>The div still appears on the left side. What am I doing wrong?</p>",<css><flexbox><html><centering>,2020-02-23,LQ_EDIT
730,CSS flexbox not centering my div,"<p>I am trying to center a div using flexbox but it is not working. Here is my code:</p><code>.container {
  display: flex;
  justify-content: center;
}</code><p>The div still appears on the left side. What am I doing wrong?</p>",<css><flexbox><html><centering>,2020-01-18,LQ_EDIT
533,How to read a file in Java? (approach 33),"<p>I need to read a text file in Java. I found several ways to do it (BufferedReader, Scanner, Files.readAllLines) but I am not sure which one to use. Can someone suggest the best approach for reading a large text file line by line?</p>",<java><file-io><reading>,2020-01-11,LQ_EDIT
375,How to properly implement authentication with JWT tokens in a Node.js API? (approach 375),"<p>I am building a REST API with Node.js and Express, and I want to implement JWT-based authentication. I have a few concerns about security best practices:</p><p>1. Should I store the JWT in localStorage, sessionStorage, or an HTTP-only cookie?</p><p>2. How should I handle token refresh to maintain user sessions without forcing re-login?</p><p>3. What claims should I include in the payload?</p><p>Here is my current token generation:</p><code>const jwt = require('jsonwebtoken');
const token = jwt.sign({ userId: user.id }, process.env.SECRET, { expiresIn: '1h' });</code><p>Is a 1-hour expiration reasonable? How do I securely implement refresh tokens?</p>",<node.js><jwt><authentication><security><express>,2020-03-05,HQ
223,Efficient way to find duplicates in a large list using Python? (approach 223),"<p>I have a list of approximately 10 million strings and need to find all duplicate entries efficiently. My current approach uses a nested loop which has O(n^2) time complexity and takes too long.</p><p>Current approach:</p><code>duplicates = []
for i in range(len(data)):
    for j in range(i+1, len(data)):
        if data[i] == data[j]:
            duplicates.append(data[i])</code><p>I have considered using a set or dictionary for O(n) lookup. What would be the most memory-efficient approach for this scale of data? Should I consider using pandas or numpy for better performance?</p>",<python><performance><algorithms><duplicates><large-dataset>,2020-01-10,HQ
958,MySQL query not returning expected results - variant 458,<p>I have a MySQL query that should return all users who signed up last month but it returns nothing. Here is my query:</p><code>SELECT * FROM users WHERE signup_date > '2024-01-01';</code><p>The table has data. What could be wrong?</p>,<mysql><sql><query>,2020-07-21,LQ_EDIT
1088,code not working (approach 88),<p>i wrote some code but it doesnt work. can someone fix it for me?</p>,<python>,2020-08-04,LQ_CLOSE
226,How to properly implement authentication with JWT tokens in a Node.js API?,"<p>I am building a REST API with Node.js and Express, and I want to implement JWT-based authentication. I have a few concerns about security best practices:</p><p>1. Should I store the JWT in localStorage, sessionStorage, or an HTTP-only cookie?</p><p>2. How should I handle token refresh to maintain user sessions without forcing re-login?</p><p>3. What claims should I include in the payload?</p><p>Here is my current token generation:</p><code>const jwt = require('jsonwebtoken');
const token = jwt.sign({ userId: user.id }, process.env.SECRET, { expiresIn: '1h' });</code><p>Is a 1-hour expiration reasonable? How do I securely implement refresh tokens?</p>",<node.js><jwt><authentication><security><express>,2020-04-18,HQ
1098,HEEELP,<p>nothing works!!!</p>,,2020-11-26,LQ_CLOSE
676,CSS flexbox not centering my div [176],"<p>I am trying to center a div using flexbox but it is not working. Here is my code:</p><code>.container {
  display: flex;
  justify-content: center;
}</code><p>The div still appears on the left side. What am I doing wrong?</p>",<css><flexbox><html><centering>,2020-09-08,LQ_EDIT
1314,best programming language?,<p>which is the best programming language to learn? python or java or c++?</p>,<programming><career>,2020-12-12,LQ_CLOSE
1337,what? [337],<p>what is the difference?</p>,,2020-12-03,LQ_CLOSE
1316,python [316],<p>how to learn python fast</p>,<python>,2020-06-15,LQ_CLOSE
1125,what?,<p>what is the difference?</p>,,2020-04-28,LQ_CLOSE
595,Git merge conflict - how to resolve? (approach 95),"<p>I got a merge conflict when trying to merge my branch into main. The file shows these markers:</p><code><<<<<<< HEAD
my changes
=======
their changes
>>>>>>> feature-branch</code><p>How do I properly resolve this?</p>",<git><merge-conflict><version-control>,2020-06-28,LQ_EDIT
979,React component not re-rendering when state changes [479],"<p>My React component is not re-rendering when I update the state. I am using useState but the UI does not reflect the change.</p><code>const [items, setItems] = useState([1,2,3]);
items.push(4);
setItems(items);</code><p>Why is the component not updating?</p>",<react><state><re-render><hooks>,2020-03-16,LQ_EDIT
743,Python error: list index out of range - variant 243,"<p>I keep getting an IndexError when I try to access elements in my list. My code loops through a list and tries to access the next element:</p><code>for i in range(len(my_list)):
    print(my_list[i+1])</code><p>Why does this happen and how do I fix it?</p>",<python><error><list><indexerror>,2020-05-22,LQ_EDIT
42,How to implement a binary search tree in Python with O(log n) lookup?,"<p>I am working on a data structures course and need to implement a binary search tree (BST) in Python. I need the tree to support insertion, deletion, and lookup operations with O(log n) average time complexity.</p><p>Here is what I have so far:</p><code>class Node:
    def __init__(self, key):
        self.left = None
        self.right = None
        self.val = key</code><p>How can I implement the lookup method efficiently? I have read about balanced BSTs like AVL trees - would that be necessary for guaranteed O(log n)?</p>",<python><data-structures><binary-search-tree><algorithm>,2020-09-22,HQ
109,Best practices for database indexing in PostgreSQL for query optimization? (approach 109),"<p>I have a PostgreSQL database with a table containing about 50 million rows. My queries are becoming slow, especially those with WHERE clauses on multiple columns and JOIN operations.</p><p>Current table structure:</p><code>CREATE TABLE orders (
    id SERIAL PRIMARY KEY,
    customer_id INT,
    product_id INT,
    order_date TIMESTAMP,
    total_amount DECIMAL(10,2),
    status VARCHAR(20)
);</code><p>I frequently query by customer_id, order_date ranges, and status. Should I create composite indexes? What is the impact on INSERT performance? How do I use EXPLAIN ANALYZE to identify bottlenecks?</p>",<postgresql><database><indexing><query-optimization><performance>,2020-11-08,HQ
597,MySQL query not returning expected results,<p>I have a MySQL query that should return all users who signed up last month but it returns nothing. Here is my query:</p><code>SELECT * FROM users WHERE signup_date > '2024-01-01';</code><p>The table has data. What could be wrong?</p>,<mysql><sql><query>,2020-03-23,LQ_EDIT
1182,need project [182],<p>can someone give me a python project for my college assignment? it should be easy and about machine learning</p>,<python><machine-learning><project>,2020-11-07,LQ_CLOSE
742,Python error: list index out of range,"<p>I keep getting an IndexError when I try to access elements in my list. My code loops through a list and tries to access the next element:</p><code>for i in range(len(my_list)):
    print(my_list[i+1])</code><p>Why does this happen and how do I fix it?</p>",<python><error><list><indexerror>,2020-09-09,LQ_EDIT
1302,python - variant 302,<p>how to learn python fast</p>,<python>,2020-01-08,LQ_CLOSE
618,React component not re-rendering when state changes,"<p>My React component is not re-rendering when I update the state. I am using useState but the UI does not reflect the change.</p><code>const [items, setItems] = useState([1,2,3]);
items.push(4);
setItems(items);</code><p>Why is the component not updating?</p>",<react><state><re-render><hooks>,2020-10-04,LQ_EDIT
1056,is this good (approach 56),<p>is my code good?</p>,<code-review>,2020-02-21,LQ_CLOSE
322,How to properly implement authentication with JWT tokens in a Node.js API? [322],"<p>I am building a REST API with Node.js and Express, and I want to implement JWT-based authentication. I have a few concerns about security best practices:</p><p>1. Should I store the JWT in localStorage, sessionStorage, or an HTTP-only cookie?</p><p>2. How should I handle token refresh to maintain user sessions without forcing re-login?</p><p>3. What claims should I include in the payload?</p><p>Here is my current token generation:</p><code>const jwt = require('jsonwebtoken');
const token = jwt.sign({ userId: user.id }, process.env.SECRET, { expiresIn: '1h' });</code><p>Is a 1-hour expiration reasonable? How do I securely implement refresh tokens?</p>",<node.js><jwt><authentication><security><express>,2020-11-21,HQ
1377,is this good,<p>is my code good?</p>,<code-review>,2020-07-14,LQ_CLOSE
217,Best practices for database indexing in PostgreSQL for query optimization? (approach 217),"<p>I have a PostgreSQL database with a table containing about 50 million rows. My queries are becoming slow, especially those with WHERE clauses on multiple columns and JOIN operations.</p><p>Current table structure:</p><code>CREATE TABLE orders (
    id SERIAL PRIMARY KEY,
    customer_id INT,
    product_id INT,
    order_date TIMESTAMP,
    total_amount DECIMAL(10,2),
    status VARCHAR(20)
);</code><p>I frequently query by customer_id, order_date ranges, and status. Should I create composite indexes? What is the impact on INSERT performance? How do I use EXPLAIN ANALYZE to identify bottlenecks?</p>",<postgresql><database><indexing><query-optimization><performance>,2020-10-04,HQ
1069,plz send me the code,<p>i need to make a website. can someone send me the full code? i dont know html</p>,<html><website>,2020-12-18,LQ_CLOSE
1465,help plz [465],<p>my code doesnt work</p>,<python>,2020-04-21,LQ_CLOSE
1046,error - variant 46,<p>getting an error. why?</p>,,2020-04-05,LQ_CLOSE
361,Understanding Python decorators with arguments - how do they work internally? (approach 361),"<p>I understand basic Python decorators, but I am struggling with decorators that accept arguments. For example:</p><code>@my_decorator(arg1, arg2)
def my_function():
    pass</code><p>This seems to involve three levels of nested functions. Can someone break down the execution flow step by step? How does Python handle the difference between @my_decorator and @my_decorator(args)?</p><p>I am particularly confused about how functools.wraps plays into this and why it is recommended. A clear example with the execution order would be very helpful.</p>",<python><decorators><functions><metaprogramming>,2020-06-23,HQ
330,How to properly implement authentication with JWT tokens in a Node.js API? [330],"<p>I am building a REST API with Node.js and Express, and I want to implement JWT-based authentication. I have a few concerns about security best practices:</p><p>1. Should I store the JWT in localStorage, sessionStorage, or an HTTP-only cookie?</p><p>2. How should I handle token refresh to maintain user sessions without forcing re-login?</p><p>3. What claims should I include in the payload?</p><p>Here is my current token generation:</p><code>const jwt = require('jsonwebtoken');
const token = jwt.sign({ userId: user.id }, process.env.SECRET, { expiresIn: '1h' });</code><p>Is a 1-hour expiration reasonable? How do I securely implement refresh tokens?</p>",<node.js><jwt><authentication><security><express>,2020-03-06,HQ
1216,need project (approach 216),<p>can someone give me a python project for my college assignment? it should be easy and about machine learning</p>,<python><machine-learning><project>,2020-09-15,LQ_CLOSE
396,How to properly implement authentication with JWT tokens in a Node.js API? - variant 396,"<p>I am building a REST API with Node.js and Express, and I want to implement JWT-based authentication. I have a few concerns about security best practices:</p><p>1. Should I store the JWT in localStorage, sessionStorage, or an HTTP-only cookie?</p><p>2. How should I handle token refresh to maintain user sessions without forcing re-login?</p><p>3. What claims should I include in the payload?</p><p>Here is my current token generation:</p><code>const jwt = require('jsonwebtoken');
const token = jwt.sign({ userId: user.id }, process.env.SECRET, { expiresIn: '1h' });</code><p>Is a 1-hour expiration reasonable? How do I securely implement refresh tokens?</p>",<node.js><jwt><authentication><security><express>,2020-09-20,HQ
999,MySQL query not returning expected results - variant 499,<p>I have a MySQL query that should return all users who signed up last month but it returns nothing. Here is my query:</p><code>SELECT * FROM users WHERE signup_date > '2024-01-01';</code><p>The table has data. What could be wrong?</p>,<mysql><sql><query>,2020-03-10,LQ_EDIT
1161,what? (approach 161),<p>what is the difference?</p>,,2020-09-12,LQ_CLOSE
1175,plz send me the code [175],<p>i need to make a website. can someone send me the full code? i dont know html</p>,<html><website>,2020-12-03,LQ_CLOSE
566,React component not re-rendering when state changes - variant 66,"<p>My React component is not re-rendering when I update the state. I am using useState but the UI does not reflect the change.</p><code>const [items, setItems] = useState([1,2,3]);
items.push(4);
setItems(items);</code><p>Why is the component not updating?</p>",<react><state><re-render><hooks>,2020-08-07,LQ_EDIT
796,CSS flexbox not centering my div - variant 296,"<p>I am trying to center a div using flexbox but it is not working. Here is my code:</p><code>.container {
  display: flex;
  justify-content: center;
}</code><p>The div still appears on the left side. What am I doing wrong?</p>",<css><flexbox><html><centering>,2020-05-21,LQ_EDIT
781,Python error: list index out of range - variant 281,"<p>I keep getting an IndexError when I try to access elements in my list. My code loops through a list and tries to access the next element:</p><code>for i in range(len(my_list)):
    print(my_list[i+1])</code><p>Why does this happen and how do I fix it?</p>",<python><error><list><indexerror>,2020-12-19,LQ_EDIT
356,How to handle CORS errors in a React app calling a REST API?,"<p>I am building a React frontend that calls a Node.js Express backend API. When I make fetch requests from my React app (running on localhost:3000) to my API (running on localhost:5000), I get the following error:</p><code>Access to fetch at 'http://localhost:5000/api/data' from origin 'http://localhost:3000' has been blocked by CORS policy</code><p>I have tried adding the cors middleware to my Express server but the error persists. Here is my Express configuration:</p><code>const cors = require('cors');
app.use(cors());</code><p>What am I missing? Is there a way to configure CORS headers properly for both development and production environments?</p>",<javascript><react><cors><express><rest-api>,2020-10-22,HQ
1401,urgent!!! need answer now (approach 401),<p>how do i fix this error??? its not working and i need to submit tomorrow. please help urgent</p>,<java>,2020-11-08,LQ_CLOSE
851,Python error: list index out of range - variant 351,"<p>I keep getting an IndexError when I try to access elements in my list. My code loops through a list and tries to access the next element:</p><code>for i in range(len(my_list)):
    print(my_list[i+1])</code><p>Why does this happen and how do I fix it?</p>",<python><error><list><indexerror>,2020-01-14,LQ_EDIT
503,Git merge conflict - how to resolve? (approach 3),"<p>I got a merge conflict when trying to merge my branch into main. The file shows these markers:</p><code><<<<<<< HEAD
my changes
=======
their changes
>>>>>>> feature-branch</code><p>How do I properly resolve this?</p>",<git><merge-conflict><version-control>,2020-06-28,LQ_EDIT
49,Understanding Python decorators with arguments - how do they work internally? (approach 49),"<p>I understand basic Python decorators, but I am struggling with decorators that accept arguments. For example:</p><code>@my_decorator(arg1, arg2)
def my_function():
    pass</code><p>This seems to involve three levels of nested functions. Can someone break down the execution flow step by step? How does Python handle the difference between @my_decorator and @my_decorator(args)?</p><p>I am particularly confused about how functools.wraps plays into this and why it is recommended. A clear example with the execution order would be very helpful.</p>",<python><decorators><functions><metaprogramming>,2020-09-08,HQ
740,Docker container exits immediately after starting,<p>My Docker container starts and then immediately exits. I am running:</p><code>docker run my-app</code><p>When I check the logs there is nothing useful. The Dockerfile uses a Python base image. What could cause this behavior?</p>,<docker><container><python>,2020-01-01,LQ_EDIT
94,What is the difference between == and === operators in JavaScript?,"<p>I have been learning JavaScript and encountered both == and === operators. I understand that == checks for equality while === checks for strict equality, but I am confused about when to use each one.</p><p>For example:</p><code>console.log(1 == '1');  // true
console.log(1 === '1'); // false</code><p>Can someone explain the type coercion rules that == follows? Are there any best practices for which one to use in production code?</p>",<javascript><operators><comparison><type-coercion>,2020-02-17,HQ
599,Git merge conflict - how to resolve?,"<p>I got a merge conflict when trying to merge my branch into main. The file shows these markers:</p><code><<<<<<< HEAD
my changes
=======
their changes
>>>>>>> feature-branch</code><p>How do I properly resolve this?</p>",<git><merge-conflict><version-control>,2020-11-08,LQ_EDIT
704,Python error: list index out of range - variant 204,"<p>I keep getting an IndexError when I try to access elements in my list. My code loops through a list and tries to access the next element:</p><code>for i in range(len(my_list)):
    print(my_list[i+1])</code><p>Why does this happen and how do I fix it?</p>",<python><error><list><indexerror>,2020-01-22,LQ_EDIT
97,How to properly implement authentication with JWT tokens in a Node.js API? (approach 97),"<p>I am building a REST API with Node.js and Express, and I want to implement JWT-based authentication. I have a few concerns about security best practices:</p><p>1. Should I store the JWT in localStorage, sessionStorage, or an HTTP-only cookie?</p><p>2. How should I handle token refresh to maintain user sessions without forcing re-login?</p><p>3. What claims should I include in the payload?</p><p>Here is my current token generation:</p><code>const jwt = require('jsonwebtoken');
const token = jwt.sign({ userId: user.id }, process.env.SECRET, { expiresIn: '1h' });</code><p>Is a 1-hour expiration reasonable? How do I securely implement refresh tokens?</p>",<node.js><jwt><authentication><security><express>,2020-11-23,HQ
716,Python error: list index out of range - variant 216,"<p>I keep getting an IndexError when I try to access elements in my list. My code loops through a list and tries to access the next element:</p><code>for i in range(len(my_list)):
    print(my_list[i+1])</code><p>Why does this happen and how do I fix it?</p>",<python><error><list><indexerror>,2020-11-25,LQ_EDIT
699,React component not re-rendering when state changes,"<p>My React component is not re-rendering when I update the state. I am using useState but the UI does not reflect the change.</p><code>const [items, setItems] = useState([1,2,3]);
items.push(4);
setItems(items);</code><p>Why is the component not updating?</p>",<react><state><re-render><hooks>,2020-09-13,LQ_EDIT
1347,error,<p>getting an error. why?</p>,,2020-08-09,LQ_CLOSE
184,How to properly implement authentication with JWT tokens in a Node.js API? [184],"<p>I am building a REST API with Node.js and Express, and I want to implement JWT-based authentication. I have a few concerns about security best practices:</p><p>1. Should I store the JWT in localStorage, sessionStorage, or an HTTP-only cookie?</p><p>2. How should I handle token refresh to maintain user sessions without forcing re-login?</p><p>3. What claims should I include in the payload?</p><p>Here is my current token generation:</p><code>const jwt = require('jsonwebtoken');
const token = jwt.sign({ userId: user.id }, process.env.SECRET, { expiresIn: '1h' });</code><p>Is a 1-hour expiration reasonable? How do I securely implement refresh tokens?</p>",<node.js><jwt><authentication><security><express>,2020-08-03,HQ
1432,is this good,<p>is my code good?</p>,<code-review>,2020-01-28,LQ_CLOSE
43,What is the difference between == and === operators in JavaScript? [43],"<p>I have been learning JavaScript and encountered both == and === operators. I understand that == checks for equality while === checks for strict equality, but I am confused about when to use each one.</p><p>For example:</p><code>console.log(1 == '1');  // true
console.log(1 === '1'); // false</code><p>Can someone explain the type coercion rules that == follows? Are there any best practices for which one to use in production code?</p>",<javascript><operators><comparison><type-coercion>,2020-09-10,HQ
1353,HEEELP (approach 353),<p>nothing works!!!</p>,,2020-07-05,LQ_CLOSE
610,Git merge conflict - how to resolve? (approach 110),"<p>I got a merge conflict when trying to merge my branch into main. The file shows these markers:</p><code><<<<<<< HEAD
my changes
=======
their changes
>>>>>>> feature-branch</code><p>How do I properly resolve this?</p>",<git><merge-conflict><version-control>,2020-03-02,LQ_EDIT
1107,is this good,<p>is my code good?</p>,<code-review>,2020-09-12,LQ_CLOSE
1226,error - variant 226,<p>getting an error. why?</p>,,2020-12-19,LQ_CLOSE
659,Git merge conflict - how to resolve? (approach 159),"<p>I got a merge conflict when trying to merge my branch into main. The file shows these markers:</p><code><<<<<<< HEAD
my changes
=======
their changes
>>>>>>> feature-branch</code><p>How do I properly resolve this?</p>",<git><merge-conflict><version-control>,2020-05-08,LQ_EDIT
187,How to properly implement authentication with JWT tokens in a Node.js API? - variant 187,"<p>I am building a REST API with Node.js and Express, and I want to implement JWT-based authentication. I have a few concerns about security best practices:</p><p>1. Should I store the JWT in localStorage, sessionStorage, or an HTTP-only cookie?</p><p>2. How should I handle token refresh to maintain user sessions without forcing re-login?</p><p>3. What claims should I include in the payload?</p><p>Here is my current token generation:</p><code>const jwt = require('jsonwebtoken');
const token = jwt.sign({ userId: user.id }, process.env.SECRET, { expiresIn: '1h' });</code><p>Is a 1-hour expiration reasonable? How do I securely implement refresh tokens?</p>",<node.js><jwt><authentication><security><express>,2020-03-27,HQ
45,How does garbage collection work in Java and when does it run? - variant 45,"<p>I am trying to understand Java's garbage collection mechanism. Specifically, I want to know:</p><p>1. How does the JVM decide which objects are eligible for garbage collection?</p><p>2. What are the different garbage collection algorithms available (Serial, Parallel, G1, ZGC)?</p><p>3. Can I force garbage collection to run, or is it always at the JVM's discretion?</p><p>I have read that calling System.gc() is just a suggestion to the JVM. In a production environment with high memory usage, what GC tuning parameters should I consider?</p>",<java><garbage-collection><jvm><memory-management><performance>,2020-07-26,HQ
1168,urgent!!! need answer now (approach 168),<p>how do i fix this error??? its not working and i need to submit tomorrow. please help urgent</p>,<java>,2020-06-22,LQ_CLOSE
171,How to handle CORS errors in a React app calling a REST API? (approach 171),"<p>I am building a React frontend that calls a Node.js Express backend API. When I make fetch requests from my React app (running on localhost:3000) to my API (running on localhost:5000), I get the following error:</p><code>Access to fetch at 'http://localhost:5000/api/data' from origin 'http://localhost:3000' has been blocked by CORS policy</code><p>I have tried adding the cors middleware to my Express server but the error persists. Here is my Express configuration:</p><code>const cors = require('cors');
app.use(cors());</code><p>What am I missing? Is there a way to configure CORS headers properly for both development and production environments?</p>",<javascript><react><cors><express><rest-api>,2020-03-28,HQ
457,How to properly implement authentication with JWT tokens in a Node.js API? [457],"<p>I am building a REST API with Node.js and Express, and I want to implement JWT-based authentication. I have a few concerns about security best practices:</p><p>1. Should I store the JWT in localStorage, sessionStorage, or an HTTP-only cookie?</p><p>2. How should I handle token refresh to maintain user sessions without forcing re-login?</p><p>3. What claims should I include in the payload?</p><p>Here is my current token generation:</p><code>const jwt = require('jsonwebtoken');
const token = jwt.sign({ userId: user.id }, process.env.SECRET, { expiresIn: '1h' });</code><p>Is a 1-hour expiration reasonable? How do I securely implement refresh tokens?</p>",<node.js><jwt><authentication><security><express>,2020-04-01,HQ
145,How does garbage collection work in Java and when does it run?,"<p>I am trying to understand Java's garbage collection mechanism. Specifically, I want to know:</p><p>1. How does the JVM decide which objects are eligible for garbage collection?</p><p>2. What are the different garbage collection algorithms available (Serial, Parallel, G1, ZGC)?</p><p>3. Can I force garbage collection to run, or is it always at the JVM's discretion?</p><p>I have read that calling System.gc() is just a suggestion to the JVM. In a production environment with high memory usage, what GC tuning parameters should I consider?</p>",<java><garbage-collection><jvm><memory-management><performance>,2020-07-25,HQ
291,How does garbage collection work in Java and when does it run? - variant 291,"<p>I am trying to understand Java's garbage collection mechanism. Specifically, I want to know:</p><p>1. How does the JVM decide which objects are eligible for garbage collection?</p><p>2. What are the different garbage collection algorithms available (Serial, Parallel, G1, ZGC)?</p><p>3. Can I force garbage collection to run, or is it always at the JVM's discretion?</p><p>I have read that calling System.gc() is just a suggestion to the JVM. In a production environment with high memory usage, what GC tuning parameters should I consider?</p>",<java><garbage-collection><jvm><memory-management><performance>,2020-07-21,HQ
987,React component not re-rendering when state changes,"<p>My React component is not re-rendering when I update the state. I am using useState but the UI does not reflect the change.</p><code>const [items, setItems] = useState([1,2,3]);
items.push(4);
setItems(items);</code><p>Why is the component not updating?</p>",<react><state><re-render><hooks>,2020-11-20,LQ_EDIT
1250,code not working (approach 250),<p>i wrote some code but it doesnt work. can someone fix it for me?</p>,<python>,2020-02-09,LQ_CLOSE
1221,is this good,<p>is my code good?</p>,<code-review>,2020-06-13,LQ_CLOSE
1052,python - variant 52,<p>how to learn python fast</p>,<python>,2020-12-07,LQ_CLOSE
1417,error (approach 417),<p>getting an error. why?</p>,,2020-06-15,LQ_CLOSE
1430,best programming language? - variant 430,<p>which is the best programming language to learn? python or java or c++?</p>,<programming><career>,2020-02-02,LQ_CLOSE
1191,best programming language? [191],<p>which is the best programming language to learn? python or java or c++?</p>,<programming><career>,2020-10-22,LQ_CLOSE
617,CSS flexbox not centering my div [117],"<p>I am trying to center a div using flexbox but it is not working. Here is my code:</p><code>.container {
  display: flex;
  justify-content: center;
}</code><p>The div still appears on the left side. What am I doing wrong?</p>",<css><flexbox><html><centering>,2020-01-05,LQ_EDIT
812,Python error: list index out of range - variant 312,"<p>I keep getting an IndexError when I try to access elements in my list. My code loops through a list and tries to access the next element:</p><code>for i in range(len(my_list)):
    print(my_list[i+1])</code><p>Why does this happen and how do I fix it?</p>",<python><error><list><indexerror>,2020-01-14,LQ_EDIT
1431,python [431],<p>how to learn python fast</p>,<python>,2020-04-14,LQ_CLOSE
464,How to implement a binary search tree in Python with O(log n) lookup? - variant 464,"<p>I am working on a data structures course and need to implement a binary search tree (BST) in Python. I need the tree to support insertion, deletion, and lookup operations with O(log n) average time complexity.</p><p>Here is what I have so far:</p><code>class Node:
    def __init__(self, key):
        self.left = None
        self.right = None
        self.val = key</code><p>How can I implement the lookup method efficiently? I have read about balanced BSTs like AVL trees - would that be necessary for guaranteed O(log n)?</p>",<python><data-structures><binary-search-tree><algorithm>,2020-11-16,HQ
933,MySQL query not returning expected results [433],<p>I have a MySQL query that should return all users who signed up last month but it returns nothing. Here is my query:</p><code>SELECT * FROM users WHERE signup_date > '2024-01-01';</code><p>The table has data. What could be wrong?</p>,<mysql><sql><query>,2020-02-07,LQ_EDIT
197,How to properly implement authentication with JWT tokens in a Node.js API? - variant 197,"<p>I am building a REST API with Node.js and Express, and I want to implement JWT-based authentication. I have a few concerns about security best practices:</p><p>1. Should I store the JWT in localStorage, sessionStorage, or an HTTP-only cookie?</p><p>2. How should I handle token refresh to maintain user sessions without forcing re-login?</p><p>3. What claims should I include in the payload?</p><p>Here is my current token generation:</p><code>const jwt = require('jsonwebtoken');
const token = jwt.sign({ userId: user.id }, process.env.SECRET, { expiresIn: '1h' });</code><p>Is a 1-hour expiration reasonable? How do I securely implement refresh tokens?</p>",<node.js><jwt><authentication><security><express>,2020-11-08,HQ
721,CSS flexbox not centering my div - variant 221,"<p>I am trying to center a div using flexbox but it is not working. Here is my code:</p><code>.container {
  display: flex;
  justify-content: center;
}</code><p>The div still appears on the left side. What am I doing wrong?</p>",<css><flexbox><html><centering>,2020-11-24,LQ_EDIT
65,How does garbage collection work in Java and when does it run? [65],"<p>I am trying to understand Java's garbage collection mechanism. Specifically, I want to know:</p><p>1. How does the JVM decide which objects are eligible for garbage collection?</p><p>2. What are the different garbage collection algorithms available (Serial, Parallel, G1, ZGC)?</p><p>3. Can I force garbage collection to run, or is it always at the JVM's discretion?</p><p>I have read that calling System.gc() is just a suggestion to the JVM. In a production environment with high memory usage, what GC tuning parameters should I consider?</p>",<java><garbage-collection><jvm><memory-management><performance>,2020-04-27,HQ
913,Python error: list index out of range,"<p>I keep getting an IndexError when I try to access elements in my list. My code loops through a list and tries to access the next element:</p><code>for i in range(len(my_list)):
    print(my_list[i+1])</code><p>Why does this happen and how do I fix it?</p>",<python><error><list><indexerror>,2020-07-08,LQ_EDIT
849,Git merge conflict - how to resolve?,"<p>I got a merge conflict when trying to merge my branch into main. The file shows these markers:</p><code><<<<<<< HEAD
my changes
=======
their changes
>>>>>>> feature-branch</code><p>How do I properly resolve this?</p>",<git><merge-conflict><version-control>,2020-07-18,LQ_EDIT
146,What is the difference between == and === operators in JavaScript?,"<p>I have been learning JavaScript and encountered both == and === operators. I understand that == checks for equality while === checks for strict equality, but I am confused about when to use each one.</p><p>For example:</p><code>console.log(1 == '1');  // true
console.log(1 === '1'); // false</code><p>Can someone explain the type coercion rules that == follows? Are there any best practices for which one to use in production code?</p>",<javascript><operators><comparison><type-coercion>,2020-11-13,HQ
978,Git merge conflict - how to resolve?,"<p>I got a merge conflict when trying to merge my branch into main. The file shows these markers:</p><code><<<<<<< HEAD
my changes
=======
their changes
>>>>>>> feature-branch</code><p>How do I properly resolve this?</p>",<git><merge-conflict><version-control>,2020-02-11,LQ_EDIT
714,Git merge conflict - how to resolve?,"<p>I got a merge conflict when trying to merge my branch into main. The file shows these markers:</p><code><<<<<<< HEAD
my changes
=======
their changes
>>>>>>> feature-branch</code><p>How do I properly resolve this?</p>",<git><merge-conflict><version-control>,2020-12-25,LQ_EDIT
32,How does garbage collection work in Java and when does it run?,"<p>I am trying to understand Java's garbage collection mechanism. Specifically, I want to know:</p><p>1. How does the JVM decide which objects are eligible for garbage collection?</p><p>2. What are the different garbage collection algorithms available (Serial, Parallel, G1, ZGC)?</p><p>3. Can I force garbage collection to run, or is it always at the JVM's discretion?</p><p>I have read that calling System.gc() is just a suggestion to the JVM. In a production environment with high memory usage, what GC tuning parameters should I consider?</p>",<java><garbage-collection><jvm><memory-management><performance>,2020-04-23,HQ
1194,error,<p>getting an error. why?</p>,,2020-06-17,LQ_CLOSE
1404,HEEELP (approach 404),<p>nothing works!!!</p>,,2020-11-27,LQ_CLOSE
52,Best practices for database indexing in PostgreSQL for query optimization? [52],"<p>I have a PostgreSQL database with a table containing about 50 million rows. My queries are becoming slow, especially those with WHERE clauses on multiple columns and JOIN operations.</p><p>Current table structure:</p><code>CREATE TABLE orders (
    id SERIAL PRIMARY KEY,
    customer_id INT,
    product_id INT,
    order_date TIMESTAMP,
    total_amount DECIMAL(10,2),
    status VARCHAR(20)
);</code><p>I frequently query by customer_id, order_date ranges, and status. Should I create composite indexes? What is the impact on INSERT performance? How do I use EXPLAIN ANALYZE to identify bottlenecks?</p>",<postgresql><database><indexing><query-optimization><performance>,2020-09-03,HQ
1139,need project,<p>can someone give me a python project for my college assignment? it should be easy and about machine learning</p>,<python><machine-learning><project>,2020-11-19,LQ_CLOSE
1136,urgent!!! need answer now,<p>how do i fix this error??? its not working and i need to submit tomorrow. please help urgent</p>,<java>,2020-05-24,LQ_CLOSE
907,Python error: list index out of range [407],"<p>I keep getting an IndexError when I try to access elements in my list. My code loops through a list and tries to access the next element:</p><code>for i in range(len(my_list)):
    print(my_list[i+1])</code><p>Why does this happen and how do I fix it?</p>",<python><error><list><indexerror>,2020-07-11,LQ_EDIT
159,Efficient way to find duplicates in a large list using Python? - variant 159,"<p>I have a list of approximately 10 million strings and need to find all duplicate entries efficiently. My current approach uses a nested loop which has O(n^2) time complexity and takes too long.</p><p>Current approach:</p><code>duplicates = []
for i in range(len(data)):
    for j in range(i+1, len(data)):
        if data[i] == data[j]:
            duplicates.append(data[i])</code><p>I have considered using a set or dictionary for O(n) lookup. What would be the most memory-efficient approach for this scale of data? Should I consider using pandas or numpy for better performance?</p>",<python><performance><algorithms><duplicates><large-dataset>,2020-09-24,HQ
671,Docker container exits immediately after starting (approach 171),<p>My Docker container starts and then immediately exits. I am running:</p><code>docker run my-app</code><p>When I check the logs there is nothing useful. The Dockerfile uses a Python base image. What could cause this behavior?</p>,<docker><container><python>,2020-03-03,LQ_EDIT
928,MySQL query not returning expected results [428],<p>I have a MySQL query that should return all users who signed up last month but it returns nothing. Here is my query:</p><code>SELECT * FROM users WHERE signup_date > '2024-01-01';</code><p>The table has data. What could be wrong?</p>,<mysql><sql><query>,2020-09-04,LQ_EDIT
984,React component not re-rendering when state changes,"<p>My React component is not re-rendering when I update the state. I am using useState but the UI does not reflect the change.</p><code>const [items, setItems] = useState([1,2,3]);
items.push(4);
setItems(items);</code><p>Why is the component not updating?</p>",<react><state><re-render><hooks>,2020-09-26,LQ_EDIT
1372,plz send me the code (approach 372),<p>i need to make a website. can someone send me the full code? i dont know html</p>,<html><website>,2020-04-12,LQ_CLOSE
149,How to properly implement authentication with JWT tokens in a Node.js API?,"<p>I am building a REST API with Node.js and Express, and I want to implement JWT-based authentication. I have a few concerns about security best practices:</p><p>1. Should I store the JWT in localStorage, sessionStorage, or an HTTP-only cookie?</p><p>2. How should I handle token refresh to maintain user sessions without forcing re-login?</p><p>3. What claims should I include in the payload?</p><p>Here is my current token generation:</p><code>const jwt = require('jsonwebtoken');
const token = jwt.sign({ userId: user.id }, process.env.SECRET, { expiresIn: '1h' });</code><p>Is a 1-hour expiration reasonable? How do I securely implement refresh tokens?</p>",<node.js><jwt><authentication><security><express>,2020-06-01,HQ
559,Python error: list index out of range (approach 59),"<p>I keep getting an IndexError when I try to access elements in my list. My code loops through a list and tries to access the next element:</p><code>for i in range(len(my_list)):
    print(my_list[i+1])</code><p>Why does this happen and how do I fix it?</p>",<python><error><list><indexerror>,2020-10-05,LQ_EDIT
130,What is the difference between == and === operators in JavaScript? (approach 130),"<p>I have been learning JavaScript and encountered both == and === operators. I understand that == checks for equality while === checks for strict equality, but I am confused about when to use each one.</p><p>For example:</p><code>console.log(1 == '1');  // true
console.log(1 === '1'); // false</code><p>Can someone explain the type coercion rules that == follows? Are there any best practices for which one to use in production code?</p>",<javascript><operators><comparison><type-coercion>,2020-03-06,HQ
1429,code not working - variant 429,<p>i wrote some code but it doesnt work. can someone fix it for me?</p>,<python>,2020-12-13,LQ_CLOSE
1435,need project [435],<p>can someone give me a python project for my college assignment? it should be easy and about machine learning</p>,<python><machine-learning><project>,2020-06-14,LQ_CLOSE
955,React component not re-rendering when state changes (approach 455),"<p>My React component is not re-rendering when I update the state. I am using useState but the UI does not reflect the change.</p><code>const [items, setItems] = useState([1,2,3]);
items.push(4);
setItems(items);</code><p>Why is the component not updating?</p>",<react><state><re-render><hooks>,2020-12-17,LQ_EDIT
349,Efficient way to find duplicates in a large list using Python?,"<p>I have a list of approximately 10 million strings and need to find all duplicate entries efficiently. My current approach uses a nested loop which has O(n^2) time complexity and takes too long.</p><p>Current approach:</p><code>duplicates = []
for i in range(len(data)):
    for j in range(i+1, len(data)):
        if data[i] == data[j]:
            duplicates.append(data[i])</code><p>I have considered using a set or dictionary for O(n) lookup. What would be the most memory-efficient approach for this scale of data? Should I consider using pandas or numpy for better performance?</p>",<python><performance><algorithms><duplicates><large-dataset>,2020-01-27,HQ
1380,need project,<p>can someone give me a python project for my college assignment? it should be easy and about machine learning</p>,<python><machine-learning><project>,2020-06-14,LQ_CLOSE
711,Git merge conflict - how to resolve?,"<p>I got a merge conflict when trying to merge my branch into main. The file shows these markers:</p><code><<<<<<< HEAD
my changes
=======
their changes
>>>>>>> feature-branch</code><p>How do I properly resolve this?</p>",<git><merge-conflict><version-control>,2020-09-11,LQ_EDIT
788,React component not re-rendering when state changes (approach 288),"<p>My React component is not re-rendering when I update the state. I am using useState but the UI does not reflect the change.</p><code>const [items, setItems] = useState([1,2,3]);
items.push(4);
setItems(items);</code><p>Why is the component not updating?</p>",<react><state><re-render><hooks>,2020-01-04,LQ_EDIT
762,Docker container exits immediately after starting,<p>My Docker container starts and then immediately exits. I am running:</p><code>docker run my-app</code><p>When I check the logs there is nothing useful. The Dockerfile uses a Python base image. What could cause this behavior?</p>,<docker><container><python>,2020-07-18,LQ_EDIT
248,How to handle CORS errors in a React app calling a REST API? (approach 248),"<p>I am building a React frontend that calls a Node.js Express backend API. When I make fetch requests from my React app (running on localhost:3000) to my API (running on localhost:5000), I get the following error:</p><code>Access to fetch at 'http://localhost:5000/api/data' from origin 'http://localhost:3000' has been blocked by CORS policy</code><p>I have tried adding the cors middleware to my Express server but the error persists. Here is my Express configuration:</p><code>const cors = require('cors');
app.use(cors());</code><p>What am I missing? Is there a way to configure CORS headers properly for both development and production environments?</p>",<javascript><react><cors><express><rest-api>,2020-09-24,HQ
786,React component not re-rendering when state changes,"<p>My React component is not re-rendering when I update the state. I am using useState but the UI does not reflect the change.</p><code>const [items, setItems] = useState([1,2,3]);
items.push(4);
setItems(items);</code><p>Why is the component not updating?</p>",<react><state><re-render><hooks>,2020-01-28,LQ_EDIT
98,How to implement a binary search tree in Python with O(log n) lookup? [98],"<p>I am working on a data structures course and need to implement a binary search tree (BST) in Python. I need the tree to support insertion, deletion, and lookup operations with O(log n) average time complexity.</p><p>Here is what I have so far:</p><code>class Node:
    def __init__(self, key):
        self.left = None
        self.right = None
        self.val = key</code><p>How can I implement the lookup method efficiently? I have read about balanced BSTs like AVL trees - would that be necessary for guaranteed O(log n)?</p>",<python><data-structures><binary-search-tree><algorithm>,2020-06-12,HQ
681,MySQL query not returning expected results,<p>I have a MySQL query that should return all users who signed up last month but it returns nothing. Here is my query:</p><code>SELECT * FROM users WHERE signup_date > '2024-01-01';</code><p>The table has data. What could be wrong?</p>,<mysql><sql><query>,2020-11-06,LQ_EDIT
454,How to implement a binary search tree in Python with O(log n) lookup?,"<p>I am working on a data structures course and need to implement a binary search tree (BST) in Python. I need the tree to support insertion, deletion, and lookup operations with O(log n) average time complexity.</p><p>Here is what I have so far:</p><code>class Node:
    def __init__(self, key):
        self.left = None
        self.right = None
        self.val = key</code><p>How can I implement the lookup method efficiently? I have read about balanced BSTs like AVL trees - would that be necessary for guaranteed O(log n)?</p>",<python><data-structures><binary-search-tree><algorithm>,2020-09-25,HQ
529,MySQL query not returning expected results (approach 29),<p>I have a MySQL query that should return all users who signed up last month but it returns nothing. Here is my query:</p><code>SELECT * FROM users WHERE signup_date > '2024-01-01';</code><p>The table has data. What could be wrong?</p>,<mysql><sql><query>,2020-09-07,LQ_EDIT
1343,python,<p>how to learn python fast</p>,<python>,2020-05-22,LQ_CLOSE
1459,best programming language?,<p>which is the best programming language to learn? python or java or c++?</p>,<programming><career>,2020-08-06,LQ_CLOSE
192,What is the difference between == and === operators in JavaScript? - variant 192,"<p>I have been learning JavaScript and encountered both == and === operators. I understand that == checks for equality while === checks for strict equality, but I am confused about when to use each one.</p><p>For example:</p><code>console.log(1 == '1');  // true
console.log(1 === '1'); // false</code><p>Can someone explain the type coercion rules that == follows? Are there any best practices for which one to use in production code?</p>",<javascript><operators><comparison><type-coercion>,2020-02-13,HQ
302,How to handle CORS errors in a React app calling a REST API?,"<p>I am building a React frontend that calls a Node.js Express backend API. When I make fetch requests from my React app (running on localhost:3000) to my API (running on localhost:5000), I get the following error:</p><code>Access to fetch at 'http://localhost:5000/api/data' from origin 'http://localhost:3000' has been blocked by CORS policy</code><p>I have tried adding the cors middleware to my Express server but the error persists. Here is my Express configuration:</p><code>const cors = require('cors');
app.use(cors());</code><p>What am I missing? Is there a way to configure CORS headers properly for both development and production environments?</p>",<javascript><react><cors><express><rest-api>,2020-06-13,HQ
962,Sort a list in Python (approach 462),"<p>I need to sort a list in Python. I have tried using sort() but it doesn't seem to work for my case. My list contains both numbers and strings.</p><code>my_list = [3, 1, 'apple', 2, 'banana']</code><p>How can I sort this?</p>",<python><sorting><list>,2020-03-16,LQ_EDIT
1363,help plz - variant 363,<p>my code doesnt work</p>,<python>,2020-10-25,LQ_CLOSE
814,MySQL query not returning expected results (approach 314),<p>I have a MySQL query that should return all users who signed up last month but it returns nothing. Here is my query:</p><code>SELECT * FROM users WHERE signup_date > '2024-01-01';</code><p>The table has data. What could be wrong?</p>,<mysql><sql><query>,2020-04-28,LQ_EDIT
1096,error - variant 96,<p>getting an error. why?</p>,,2020-12-03,LQ_CLOSE
1472,what?,<p>what is the difference?</p>,,2020-06-12,LQ_CLOSE
839,MySQL query not returning expected results (approach 339),<p>I have a MySQL query that should return all users who signed up last month but it returns nothing. Here is my query:</p><code>SELECT * FROM users WHERE signup_date > '2024-01-01';</code><p>The table has data. What could be wrong?</p>,<mysql><sql><query>,2020-01-13,LQ_EDIT
116,How to handle CORS errors in a React app calling a REST API? - variant 116,"<p>I am building a React frontend that calls a Node.js Express backend API. When I make fetch requests from my React app (running on localhost:3000) to my API (running on localhost:5000), I get the following error:</p><code>Access to fetch at 'http://localhost:5000/api/data' from origin 'http://localhost:3000' has been blocked by CORS policy</code><p>I have tried adding the cors middleware to my Express server but the error persists. Here is my Express configuration:</p><code>const cors = require('cors');
app.use(cors());</code><p>What am I missing? Is there a way to configure CORS headers properly for both development and production environments?</p>",<javascript><react><cors><express><rest-api>,2020-09-09,HQ
189,Best practices for database indexing in PostgreSQL for query optimization? (approach 189),"<p>I have a PostgreSQL database with a table containing about 50 million rows. My queries are becoming slow, especially those with WHERE clauses on multiple columns and JOIN operations.</p><p>Current table structure:</p><code>CREATE TABLE orders (
    id SERIAL PRIMARY KEY,
    customer_id INT,
    product_id INT,
    order_date TIMESTAMP,
    total_amount DECIMAL(10,2),
    status VARCHAR(20)
);</code><p>I frequently query by customer_id, order_date ranges, and status. Should I create composite indexes? What is the impact on INSERT performance? How do I use EXPLAIN ANALYZE to identify bottlenecks?</p>",<postgresql><database><indexing><query-optimization><performance>,2020-01-10,HQ
1470,help plz,<p>my code doesnt work</p>,<python>,2020-02-09,LQ_CLOSE
1352,HEEELP,<p>nothing works!!!</p>,,2020-06-28,LQ_CLOSE
1199,plz send me the code - variant 199,<p>i need to make a website. can someone send me the full code? i dont know html</p>,<html><website>,2020-08-18,LQ_CLOSE
1152,python,<p>how to learn python fast</p>,<python>,2020-04-18,LQ_CLOSE
125,How does garbage collection work in Java and when does it run?,"<p>I am trying to understand Java's garbage collection mechanism. Specifically, I want to know:</p><p>1. How does the JVM decide which objects are eligible for garbage collection?</p><p>2. What are the different garbage collection algorithms available (Serial, Parallel, G1, ZGC)?</p><p>3. Can I force garbage collection to run, or is it always at the JVM's discretion?</p><p>I have read that calling System.gc() is just a suggestion to the JVM. In a production environment with high memory usage, what GC tuning parameters should I consider?</p>",<java><garbage-collection><jvm><memory-management><performance>,2020-05-12,HQ
111,What is the difference between == and === operators in JavaScript? - variant 111,"<p>I have been learning JavaScript and encountered both == and === operators. I understand that == checks for equality while === checks for strict equality, but I am confused about when to use each one.</p><p>For example:</p><code>console.log(1 == '1');  // true
console.log(1 === '1'); // false</code><p>Can someone explain the type coercion rules that == follows? Are there any best practices for which one to use in production code?</p>",<javascript><operators><comparison><type-coercion>,2020-09-05,HQ
252,Understanding Python decorators with arguments - how do they work internally? [252],"<p>I understand basic Python decorators, but I am struggling with decorators that accept arguments. For example:</p><code>@my_decorator(arg1, arg2)
def my_function():
    pass</code><p>This seems to involve three levels of nested functions. Can someone break down the execution flow step by step? How does Python handle the difference between @my_decorator and @my_decorator(args)?</p><p>I am particularly confused about how functools.wraps plays into this and why it is recommended. A clear example with the execution order would be very helpful.</p>",<python><decorators><functions><metaprogramming>,2020-05-04,HQ
441,How to implement a binary search tree in Python with O(log n) lookup? - variant 441,"<p>I am working on a data structures course and need to implement a binary search tree (BST) in Python. I need the tree to support insertion, deletion, and lookup operations with O(log n) average time complexity.</p><p>Here is what I have so far:</p><code>class Node:
    def __init__(self, key):
        self.left = None
        self.right = None
        self.val = key</code><p>How can I implement the lookup method efficiently? I have read about balanced BSTs like AVL trees - would that be necessary for guaranteed O(log n)?</p>",<python><data-structures><binary-search-tree><algorithm>,2020-10-22,HQ
237,Efficient way to find duplicates in a large list using Python?,"<p>I have a list of approximately 10 million strings and need to find all duplicate entries efficiently. My current approach uses a nested loop which has O(n^2) time complexity and takes too long.</p><p>Current approach:</p><code>duplicates = []
for i in range(len(data)):
    for j in range(i+1, len(data)):
        if data[i] == data[j]:
            duplicates.append(data[i])</code><p>I have considered using a set or dictionary for O(n) lookup. What would be the most memory-efficient approach for this scale of data? Should I consider using pandas or numpy for better performance?</p>",<python><performance><algorithms><duplicates><large-dataset>,2020-09-21,HQ
463,How does garbage collection work in Java and when does it run? - variant 463,"<p>I am trying to understand Java's garbage collection mechanism. Specifically, I want to know:</p><p>1. How does the JVM decide which objects are eligible for garbage collection?</p><p>2. What are the different garbage collection algorithms available (Serial, Parallel, G1, ZGC)?</p><p>3. Can I force garbage collection to run, or is it always at the JVM's discretion?</p><p>I have read that calling System.gc() is just a suggestion to the JVM. In a production environment with high memory usage, what GC tuning parameters should I consider?</p>",<java><garbage-collection><jvm><memory-management><performance>,2020-06-03,HQ
1188,how to hack wifi - variant 188,<p>how can i hack my neighbors wifi password using python??</p>,<python><wifi><hacking>,2020-04-19,LQ_CLOSE
609,Docker container exits immediately after starting (approach 109),<p>My Docker container starts and then immediately exits. I am running:</p><code>docker run my-app</code><p>When I check the logs there is nothing useful. The Dockerfile uses a Python base image. What could cause this behavior?</p>,<docker><container><python>,2020-10-18,LQ_EDIT
106,How to handle CORS errors in a React app calling a REST API?,"<p>I am building a React frontend that calls a Node.js Express backend API. When I make fetch requests from my React app (running on localhost:3000) to my API (running on localhost:5000), I get the following error:</p><code>Access to fetch at 'http://localhost:5000/api/data' from origin 'http://localhost:3000' has been blocked by CORS policy</code><p>I have tried adding the cors middleware to my Express server but the error persists. Here is my Express configuration:</p><code>const cors = require('cors');
app.use(cors());</code><p>What am I missing? Is there a way to configure CORS headers properly for both development and production environments?</p>",<javascript><react><cors><express><rest-api>,2020-06-17,HQ
434,Best practices for database indexing in PostgreSQL for query optimization? - variant 434,"<p>I have a PostgreSQL database with a table containing about 50 million rows. My queries are becoming slow, especially those with WHERE clauses on multiple columns and JOIN operations.</p><p>Current table structure:</p><code>CREATE TABLE orders (
    id SERIAL PRIMARY KEY,
    customer_id INT,
    product_id INT,
    order_date TIMESTAMP,
    total_amount DECIMAL(10,2),
    status VARCHAR(20)
);</code><p>I frequently query by customer_id, order_date ranges, and status. Should I create composite indexes? What is the impact on INSERT performance? How do I use EXPLAIN ANALYZE to identify bottlenecks?</p>",<postgresql><database><indexing><query-optimization><performance>,2020-11-21,HQ
817,CSS flexbox not centering my div,"<p>I am trying to center a div using flexbox but it is not working. Here is my code:</p><code>.container {
  display: flex;
  justify-content: center;
}</code><p>The div still appears on the left side. What am I doing wrong?</p>",<css><flexbox><html><centering>,2020-02-05,LQ_EDIT
4,How to implement a binary search tree in Python with O(log n) lookup?,"<p>I am working on a data structures course and need to implement a binary search tree (BST) in Python. I need the tree to support insertion, deletion, and lookup operations with O(log n) average time complexity.</p><p>Here is what I have so far:</p><code>class Node:
    def __init__(self, key):
        self.left = None
        self.right = None
        self.val = key</code><p>How can I implement the lookup method efficiently? I have read about balanced BSTs like AVL trees - would that be necessary for guaranteed O(log n)?</p>",<python><data-structures><binary-search-tree><algorithm>,2020-09-04,HQ
57,How to properly implement authentication with JWT tokens in a Node.js API? - variant 57,"<p>I am building a REST API with Node.js and Express, and I want to implement JWT-based authentication. I have a few concerns about security best practices:</p><p>1. Should I store the JWT in localStorage, sessionStorage, or an HTTP-only cookie?</p><p>2. How should I handle token refresh to maintain user sessions without forcing re-login?</p><p>3. What claims should I include in the payload?</p><p>Here is my current token generation:</p><code>const jwt = require('jsonwebtoken');
const token = jwt.sign({ userId: user.id }, process.env.SECRET, { expiresIn: '1h' });</code><p>Is a 1-hour expiration reasonable? How do I securely implement refresh tokens?</p>",<node.js><jwt><authentication><security><express>,2020-08-06,HQ
1086,help plz - variant 86,<p>my code doesnt work</p>,<python>,2020-09-12,LQ_CLOSE
273,Understanding Python decorators with arguments - how do they work internally?,"<p>I understand basic Python decorators, but I am struggling with decorators that accept arguments. For example:</p><code>@my_decorator(arg1, arg2)
def my_function():
    pass</code><p>This seems to involve three levels of nested functions. Can someone break down the execution flow step by step? How does Python handle the difference between @my_decorator and @my_decorator(args)?</p><p>I am particularly confused about how functools.wraps plays into this and why it is recommended. A clear example with the execution order would be very helpful.</p>",<python><decorators><functions><metaprogramming>,2020-03-27,HQ
498,How does garbage collection work in Java and when does it run? (approach 498),"<p>I am trying to understand Java's garbage collection mechanism. Specifically, I want to know:</p><p>1. How does the JVM decide which objects are eligible for garbage collection?</p><p>2. What are the different garbage collection algorithms available (Serial, Parallel, G1, ZGC)?</p><p>3. Can I force garbage collection to run, or is it always at the JVM's discretion?</p><p>I have read that calling System.gc() is just a suggestion to the JVM. In a production environment with high memory usage, what GC tuning parameters should I consider?</p>",<java><garbage-collection><jvm><memory-management><performance>,2020-07-21,HQ
765,Docker container exits immediately after starting,<p>My Docker container starts and then immediately exits. I am running:</p><code>docker run my-app</code><p>When I check the logs there is nothing useful. The Dockerfile uses a Python base image. What could cause this behavior?</p>,<docker><container><python>,2020-12-17,LQ_EDIT
46,How to handle CORS errors in a React app calling a REST API? (approach 46),"<p>I am building a React frontend that calls a Node.js Express backend API. When I make fetch requests from my React app (running on localhost:3000) to my API (running on localhost:5000), I get the following error:</p><code>Access to fetch at 'http://localhost:5000/api/data' from origin 'http://localhost:3000' has been blocked by CORS policy</code><p>I have tried adding the cors middleware to my Express server but the error persists. Here is my Express configuration:</p><code>const cors = require('cors');
app.use(cors());</code><p>What am I missing? Is there a way to configure CORS headers properly for both development and production environments?</p>",<javascript><react><cors><express><rest-api>,2020-05-17,HQ
183,How to properly implement authentication with JWT tokens in a Node.js API?,"<p>I am building a REST API with Node.js and Express, and I want to implement JWT-based authentication. I have a few concerns about security best practices:</p><p>1. Should I store the JWT in localStorage, sessionStorage, or an HTTP-only cookie?</p><p>2. How should I handle token refresh to maintain user sessions without forcing re-login?</p><p>3. What claims should I include in the payload?</p><p>Here is my current token generation:</p><code>const jwt = require('jsonwebtoken');
const token = jwt.sign({ userId: user.id }, process.env.SECRET, { expiresIn: '1h' });</code><p>Is a 1-hour expiration reasonable? How do I securely implement refresh tokens?</p>",<node.js><jwt><authentication><security><express>,2020-11-01,HQ
205,How to implement a binary search tree in Python with O(log n) lookup? (approach 205),"<p>I am working on a data structures course and need to implement a binary search tree (BST) in Python. I need the tree to support insertion, deletion, and lookup operations with O(log n) average time complexity.</p><p>Here is what I have so far:</p><code>class Node:
    def __init__(self, key):
        self.left = None
        self.right = None
        self.val = key</code><p>How can I implement the lookup method efficiently? I have read about balanced BSTs like AVL trees - would that be necessary for guaranteed O(log n)?</p>",<python><data-structures><binary-search-tree><algorithm>,2020-07-11,HQ
1281,python [281],<p>how to learn python fast</p>,<python>,2020-12-20,LQ_CLOSE
259,How to handle CORS errors in a React app calling a REST API?,"<p>I am building a React frontend that calls a Node.js Express backend API. When I make fetch requests from my React app (running on localhost:3000) to my API (running on localhost:5000), I get the following error:</p><code>Access to fetch at 'http://localhost:5000/api/data' from origin 'http://localhost:3000' has been blocked by CORS policy</code><p>I have tried adding the cors middleware to my Express server but the error persists. Here is my Express configuration:</p><code>const cors = require('cors');
app.use(cors());</code><p>What am I missing? Is there a way to configure CORS headers properly for both development and production environments?</p>",<javascript><react><cors><express><rest-api>,2020-06-10,HQ
186,Best practices for database indexing in PostgreSQL for query optimization? - variant 186,"<p>I have a PostgreSQL database with a table containing about 50 million rows. My queries are becoming slow, especially those with WHERE clauses on multiple columns and JOIN operations.</p><p>Current table structure:</p><code>CREATE TABLE orders (
    id SERIAL PRIMARY KEY,
    customer_id INT,
    product_id INT,
    order_date TIMESTAMP,
    total_amount DECIMAL(10,2),
    status VARCHAR(20)
);</code><p>I frequently query by customer_id, order_date ranges, and status. Should I create composite indexes? What is the impact on INSERT performance? How do I use EXPLAIN ANALYZE to identify bottlenecks?</p>",<postgresql><database><indexing><query-optimization><performance>,2020-08-04,HQ
546,React component not re-rendering when state changes (approach 46),"<p>My React component is not re-rendering when I update the state. I am using useState but the UI does not reflect the change.</p><code>const [items, setItems] = useState([1,2,3]);
items.push(4);
setItems(items);</code><p>Why is the component not updating?</p>",<react><state><re-render><hooks>,2020-04-22,LQ_EDIT
936,Python error: list index out of range,"<p>I keep getting an IndexError when I try to access elements in my list. My code loops through a list and tries to access the next element:</p><code>for i in range(len(my_list)):
    print(my_list[i+1])</code><p>Why does this happen and how do I fix it?</p>",<python><error><list><indexerror>,2020-05-27,LQ_EDIT
341,What is the difference between == and === operators in JavaScript? (approach 341),"<p>I have been learning JavaScript and encountered both == and === operators. I understand that == checks for equality while === checks for strict equality, but I am confused about when to use each one.</p><p>For example:</p><code>console.log(1 == '1');  // true
console.log(1 === '1'); // false</code><p>Can someone explain the type coercion rules that == follows? Are there any best practices for which one to use in production code?</p>",<javascript><operators><comparison><type-coercion>,2020-05-01,HQ
1074,urgent!!! need answer now,<p>how do i fix this error??? its not working and i need to submit tomorrow. please help urgent</p>,<java>,2020-08-03,LQ_CLOSE
321,Efficient way to find duplicates in a large list using Python? (approach 321),"<p>I have a list of approximately 10 million strings and need to find all duplicate entries efficiently. My current approach uses a nested loop which has O(n^2) time complexity and takes too long.</p><p>Current approach:</p><code>duplicates = []
for i in range(len(data)):
    for j in range(i+1, len(data)):
        if data[i] == data[j]:
            duplicates.append(data[i])</code><p>I have considered using a set or dictionary for O(n) lookup. What would be the most memory-efficient approach for this scale of data? Should I consider using pandas or numpy for better performance?</p>",<python><performance><algorithms><duplicates><large-dataset>,2020-08-04,HQ
636,Git merge conflict - how to resolve?,"<p>I got a merge conflict when trying to merge my branch into main. The file shows these markers:</p><code><<<<<<< HEAD
my changes
=======
their changes
>>>>>>> feature-branch</code><p>How do I properly resolve this?</p>",<git><merge-conflict><version-control>,2020-07-17,LQ_EDIT
608,MySQL query not returning expected results,<p>I have a MySQL query that should return all users who signed up last month but it returns nothing. Here is my query:</p><code>SELECT * FROM users WHERE signup_date > '2024-01-01';</code><p>The table has data. What could be wrong?</p>,<mysql><sql><query>,2020-06-22,LQ_EDIT
1099,how to hack wifi,<p>how can i hack my neighbors wifi password using python??</p>,<python><wifi><hacking>,2020-03-08,LQ_CLOSE
331,Best practices for database indexing in PostgreSQL for query optimization?,"<p>I have a PostgreSQL database with a table containing about 50 million rows. My queries are becoming slow, especially those with WHERE clauses on multiple columns and JOIN operations.</p><p>Current table structure:</p><code>CREATE TABLE orders (
    id SERIAL PRIMARY KEY,
    customer_id INT,
    product_id INT,
    order_date TIMESTAMP,
    total_amount DECIMAL(10,2),
    status VARCHAR(20)
);</code><p>I frequently query by customer_id, order_date ranges, and status. Should I create composite indexes? What is the impact on INSERT performance? How do I use EXPLAIN ANALYZE to identify bottlenecks?</p>",<postgresql><database><indexing><query-optimization><performance>,2020-10-05,HQ
344,How does garbage collection work in Java and when does it run? [344],"<p>I am trying to understand Java's garbage collection mechanism. Specifically, I want to know:</p><p>1. How does the JVM decide which objects are eligible for garbage collection?</p><p>2. What are the different garbage collection algorithms available (Serial, Parallel, G1, ZGC)?</p><p>3. Can I force garbage collection to run, or is it always at the JVM's discretion?</p><p>I have read that calling System.gc() is just a suggestion to the JVM. In a production environment with high memory usage, what GC tuning parameters should I consider?</p>",<java><garbage-collection><jvm><memory-management><performance>,2020-04-04,HQ
723,Docker container exits immediately after starting,<p>My Docker container starts and then immediately exits. I am running:</p><code>docker run my-app</code><p>When I check the logs there is nothing useful. The Dockerfile uses a Python base image. What could cause this behavior?</p>,<docker><container><python>,2020-07-18,LQ_EDIT
493,Best practices for database indexing in PostgreSQL for query optimization? [493],"<p>I have a PostgreSQL database with a table containing about 50 million rows. My queries are becoming slow, especially those with WHERE clauses on multiple columns and JOIN operations.</p><p>Current table structure:</p><code>CREATE TABLE orders (
    id SERIAL PRIMARY KEY,
    customer_id INT,
    product_id INT,
    order_date TIMESTAMP,
    total_amount DECIMAL(10,2),
    status VARCHAR(20)
);</code><p>I frequently query by customer_id, order_date ranges, and status. Should I create composite indexes? What is the impact on INSERT performance? How do I use EXPLAIN ANALYZE to identify bottlenecks?</p>",<postgresql><database><indexing><query-optimization><performance>,2020-08-15,HQ
815,CSS flexbox not centering my div,"<p>I am trying to center a div using flexbox but it is not working. Here is my code:</p><code>.container {
  display: flex;
  justify-content: center;
}</code><p>The div still appears on the left side. What am I doing wrong?</p>",<css><flexbox><html><centering>,2020-02-19,LQ_EDIT
423,Best practices for database indexing in PostgreSQL for query optimization?,"<p>I have a PostgreSQL database with a table containing about 50 million rows. My queries are becoming slow, especially those with WHERE clauses on multiple columns and JOIN operations.</p><p>Current table structure:</p><code>CREATE TABLE orders (
    id SERIAL PRIMARY KEY,
    customer_id INT,
    product_id INT,
    order_date TIMESTAMP,
    total_amount DECIMAL(10,2),
    status VARCHAR(20)
);</code><p>I frequently query by customer_id, order_date ranges, and status. Should I create composite indexes? What is the impact on INSERT performance? How do I use EXPLAIN ANALYZE to identify bottlenecks?</p>",<postgresql><database><indexing><query-optimization><performance>,2020-09-15,HQ
191,Efficient way to find duplicates in a large list using Python? [191],"<p>I have a list of approximately 10 million strings and need to find all duplicate entries efficiently. My current approach uses a nested loop which has O(n^2) time complexity and takes too long.</p><p>Current approach:</p><code>duplicates = []
for i in range(len(data)):
    for j in range(i+1, len(data)):
        if data[i] == data[j]:
            duplicates.append(data[i])</code><p>I have considered using a set or dictionary for O(n) lookup. What would be the most memory-efficient approach for this scale of data? Should I consider using pandas or numpy for better performance?</p>",<python><performance><algorithms><duplicates><large-dataset>,2020-09-10,HQ
1167,best programming language? [167],<p>which is the best programming language to learn? python or java or c++?</p>,<programming><career>,2020-02-24,LQ_CLOSE
1345,code not working - variant 345,<p>i wrote some code but it doesnt work. can someone fix it for me?</p>,<python>,2020-11-10,LQ_CLOSE
1,How to properly implement authentication with JWT tokens in a Node.js API? (approach 1),"<p>I am building a REST API with Node.js and Express, and I want to implement JWT-based authentication. I have a few concerns about security best practices:</p><p>1. Should I store the JWT in localStorage, sessionStorage, or an HTTP-only cookie?</p><p>2. How should I handle token refresh to maintain user sessions without forcing re-login?</p><p>3. What claims should I include in the payload?</p><p>Here is my current token generation:</p><code>const jwt = require('jsonwebtoken');
const token = jwt.sign({ userId: user.id }, process.env.SECRET, { expiresIn: '1h' });</code><p>Is a 1-hour expiration reasonable? How do I securely implement refresh tokens?</p>",<node.js><jwt><authentication><security><express>,2020-01-03,HQ
989,Git merge conflict - how to resolve? - variant 489,"<p>I got a merge conflict when trying to merge my branch into main. The file shows these markers:</p><code><<<<<<< HEAD
my changes
=======
their changes
>>>>>>> feature-branch</code><p>How do I properly resolve this?</p>",<git><merge-conflict><version-control>,2020-03-28,LQ_EDIT
1155,what? [155],<p>what is the difference?</p>,,2020-08-17,LQ_CLOSE
107,Best practices for database indexing in PostgreSQL for query optimization? (approach 107),"<p>I have a PostgreSQL database with a table containing about 50 million rows. My queries are becoming slow, especially those with WHERE clauses on multiple columns and JOIN operations.</p><p>Current table structure:</p><code>CREATE TABLE orders (
    id SERIAL PRIMARY KEY,
    customer_id INT,
    product_id INT,
    order_date TIMESTAMP,
    total_amount DECIMAL(10,2),
    status VARCHAR(20)
);</code><p>I frequently query by customer_id, order_date ranges, and status. Should I create composite indexes? What is the impact on INSERT performance? How do I use EXPLAIN ANALYZE to identify bottlenecks?</p>",<postgresql><database><indexing><query-optimization><performance>,2020-08-03,HQ
1001,help plz,<p>my code doesnt work</p>,<python>,2020-04-23,LQ_CLOSE
824,Git merge conflict - how to resolve? - variant 324,"<p>I got a merge conflict when trying to merge my branch into main. The file shows these markers:</p><code><<<<<<< HEAD
my changes
=======
their changes
>>>>>>> feature-branch</code><p>How do I properly resolve this?</p>",<git><merge-conflict><version-control>,2020-06-07,LQ_EDIT
682,Sort a list in Python (approach 182),"<p>I need to sort a list in Python. I have tried using sort() but it doesn't seem to work for my case. My list contains both numbers and strings.</p><code>my_list = [3, 1, 'apple', 2, 'banana']</code><p>How can I sort this?</p>",<python><sorting><list>,2020-01-21,LQ_EDIT
492,Efficient way to find duplicates in a large list using Python? [492],"<p>I have a list of approximately 10 million strings and need to find all duplicate entries efficiently. My current approach uses a nested loop which has O(n^2) time complexity and takes too long.</p><p>Current approach:</p><code>duplicates = []
for i in range(len(data)):
    for j in range(i+1, len(data)):
        if data[i] == data[j]:
            duplicates.append(data[i])</code><p>I have considered using a set or dictionary for O(n) lookup. What would be the most memory-efficient approach for this scale of data? Should I consider using pandas or numpy for better performance?</p>",<python><performance><algorithms><duplicates><large-dataset>,2020-08-21,HQ
13,How to properly implement authentication with JWT tokens in a Node.js API? - variant 13,"<p>I am building a REST API with Node.js and Express, and I want to implement JWT-based authentication. I have a few concerns about security best practices:</p><p>1. Should I store the JWT in localStorage, sessionStorage, or an HTTP-only cookie?</p><p>2. How should I handle token refresh to maintain user sessions without forcing re-login?</p><p>3. What claims should I include in the payload?</p><p>Here is my current token generation:</p><code>const jwt = require('jsonwebtoken');
const token = jwt.sign({ userId: user.id }, process.env.SECRET, { expiresIn: '1h' });</code><p>Is a 1-hour expiration reasonable? How do I securely implement refresh tokens?</p>",<node.js><jwt><authentication><security><express>,2020-08-01,HQ
1180,urgent!!! need answer now [180],<p>how do i fix this error??? its not working and i need to submit tomorrow. please help urgent</p>,<java>,2020-04-21,LQ_CLOSE
1080,error,<p>getting an error. why?</p>,,2020-12-27,LQ_CLOSE
545,React component not re-rendering when state changes,"<p>My React component is not re-rendering when I update the state. I am using useState but the UI does not reflect the change.</p><code>const [items, setItems] = useState([1,2,3]);
items.push(4);
setItems(items);</code><p>Why is the component not updating?</p>",<react><state><re-render><hooks>,2020-08-15,LQ_EDIT
1200,code not working [200],<p>i wrote some code but it doesnt work. can someone fix it for me?</p>,<python>,2020-09-10,LQ_CLOSE
757,Sort a list in Python,"<p>I need to sort a list in Python. I have tried using sort() but it doesn't seem to work for my case. My list contains both numbers and strings.</p><code>my_list = [3, 1, 'apple', 2, 'banana']</code><p>How can I sort this?</p>",<python><sorting><list>,2020-06-27,LQ_EDIT
282,How to properly implement authentication with JWT tokens in a Node.js API? - variant 282,"<p>I am building a REST API with Node.js and Express, and I want to implement JWT-based authentication. I have a few concerns about security best practices:</p><p>1. Should I store the JWT in localStorage, sessionStorage, or an HTTP-only cookie?</p><p>2. How should I handle token refresh to maintain user sessions without forcing re-login?</p><p>3. What claims should I include in the payload?</p><p>Here is my current token generation:</p><code>const jwt = require('jsonwebtoken');
const token = jwt.sign({ userId: user.id }, process.env.SECRET, { expiresIn: '1h' });</code><p>Is a 1-hour expiration reasonable? How do I securely implement refresh tokens?</p>",<node.js><jwt><authentication><security><express>,2020-10-05,HQ
863,MySQL query not returning expected results [363],<p>I have a MySQL query that should return all users who signed up last month but it returns nothing. Here is my query:</p><code>SELECT * FROM users WHERE signup_date > '2024-01-01';</code><p>The table has data. What could be wrong?</p>,<mysql><sql><query>,2020-01-13,LQ_EDIT
455,How to implement a binary search tree in Python with O(log n) lookup?,"<p>I am working on a data structures course and need to implement a binary search tree (BST) in Python. I need the tree to support insertion, deletion, and lookup operations with O(log n) average time complexity.</p><p>Here is what I have so far:</p><code>class Node:
    def __init__(self, key):
        self.left = None
        self.right = None
        self.val = key</code><p>How can I implement the lookup method efficiently? I have read about balanced BSTs like AVL trees - would that be necessary for guaranteed O(log n)?</p>",<python><data-structures><binary-search-tree><algorithm>,2020-09-14,HQ
1193,how to hack wifi,<p>how can i hack my neighbors wifi password using python??</p>,<python><wifi><hacking>,2020-08-05,LQ_CLOSE
991,How to read a file in Java?,"<p>I need to read a text file in Java. I found several ways to do it (BufferedReader, Scanner, Files.readAllLines) but I am not sure which one to use. Can someone suggest the best approach for reading a large text file line by line?</p>",<java><file-io><reading>,2020-03-03,LQ_EDIT
1262,best programming language?,<p>which is the best programming language to learn? python or java or c++?</p>,<programming><career>,2020-09-02,LQ_CLOSE
1462,need project,<p>can someone give me a python project for my college assignment? it should be easy and about machine learning</p>,<python><machine-learning><project>,2020-02-03,LQ_CLOSE
625,MySQL query not returning expected results,<p>I have a MySQL query that should return all users who signed up last month but it returns nothing. Here is my query:</p><code>SELECT * FROM users WHERE signup_date > '2024-01-01';</code><p>The table has data. What could be wrong?</p>,<mysql><sql><query>,2020-09-07,LQ_EDIT
1104,is this good (approach 104),<p>is my code good?</p>,<code-review>,2020-05-26,LQ_CLOSE
647,React component not re-rendering when state changes [147],"<p>My React component is not re-rendering when I update the state. I am using useState but the UI does not reflect the change.</p><code>const [items, setItems] = useState([1,2,3]);
items.push(4);
setItems(items);</code><p>Why is the component not updating?</p>",<react><state><re-render><hooks>,2020-11-23,LQ_EDIT
606,How to read a file in Java? - variant 106,"<p>I need to read a text file in Java. I found several ways to do it (BufferedReader, Scanner, Files.readAllLines) but I am not sure which one to use. Can someone suggest the best approach for reading a large text file line by line?</p>",<java><file-io><reading>,2020-05-27,LQ_EDIT
1492,what? (approach 492),<p>what is the difference?</p>,,2020-01-22,LQ_CLOSE
764,Git merge conflict - how to resolve? [264],"<p>I got a merge conflict when trying to merge my branch into main. The file shows these markers:</p><code><<<<<<< HEAD
my changes
=======
their changes
>>>>>>> feature-branch</code><p>How do I properly resolve this?</p>",<git><merge-conflict><version-control>,2020-07-04,LQ_EDIT
877,MySQL query not returning expected results - variant 377,<p>I have a MySQL query that should return all users who signed up last month but it returns nothing. Here is my query:</p><code>SELECT * FROM users WHERE signup_date > '2024-01-01';</code><p>The table has data. What could be wrong?</p>,<mysql><sql><query>,2020-10-14,LQ_EDIT
641,Docker container exits immediately after starting,<p>My Docker container starts and then immediately exits. I am running:</p><code>docker run my-app</code><p>When I check the logs there is nothing useful. The Dockerfile uses a Python base image. What could cause this behavior?</p>,<docker><container><python>,2020-01-02,LQ_EDIT
684,Sort a list in Python - variant 184,"<p>I need to sort a list in Python. I have tried using sort() but it doesn't seem to work for my case. My list contains both numbers and strings.</p><code>my_list = [3, 1, 'apple', 2, 'banana']</code><p>How can I sort this?</p>",<python><sorting><list>,2020-08-14,LQ_EDIT
198,How to properly implement authentication with JWT tokens in a Node.js API? - variant 198,"<p>I am building a REST API with Node.js and Express, and I want to implement JWT-based authentication. I have a few concerns about security best practices:</p><p>1. Should I store the JWT in localStorage, sessionStorage, or an HTTP-only cookie?</p><p>2. How should I handle token refresh to maintain user sessions without forcing re-login?</p><p>3. What claims should I include in the payload?</p><p>Here is my current token generation:</p><code>const jwt = require('jsonwebtoken');
const token = jwt.sign({ userId: user.id }, process.env.SECRET, { expiresIn: '1h' });</code><p>Is a 1-hour expiration reasonable? How do I securely implement refresh tokens?</p>",<node.js><jwt><authentication><security><express>,2020-07-23,HQ
1297,code not working,<p>i wrote some code but it doesnt work. can someone fix it for me?</p>,<python>,2020-05-21,LQ_CLOSE
1493,python,<p>how to learn python fast</p>,<python>,2020-03-19,LQ_CLOSE
1405,python (approach 405),<p>how to learn python fast</p>,<python>,2020-09-14,LQ_CLOSE
388,Understanding Python decorators with arguments - how do they work internally? - variant 388,"<p>I understand basic Python decorators, but I am struggling with decorators that accept arguments. For example:</p><code>@my_decorator(arg1, arg2)
def my_function():
    pass</code><p>This seems to involve three levels of nested functions. Can someone break down the execution flow step by step? How does Python handle the difference between @my_decorator and @my_decorator(args)?</p><p>I am particularly confused about how functools.wraps plays into this and why it is recommended. A clear example with the execution order would be very helpful.</p>",<python><decorators><functions><metaprogramming>,2020-02-25,HQ
1075,best programming language?,<p>which is the best programming language to learn? python or java or c++?</p>,<programming><career>,2020-10-20,LQ_CLOSE
238,Best practices for database indexing in PostgreSQL for query optimization? - variant 238,"<p>I have a PostgreSQL database with a table containing about 50 million rows. My queries are becoming slow, especially those with WHERE clauses on multiple columns and JOIN operations.</p><p>Current table structure:</p><code>CREATE TABLE orders (
    id SERIAL PRIMARY KEY,
    customer_id INT,
    product_id INT,
    order_date TIMESTAMP,
    total_amount DECIMAL(10,2),
    status VARCHAR(20)
);</code><p>I frequently query by customer_id, order_date ranges, and status. Should I create composite indexes? What is the impact on INSERT performance? How do I use EXPLAIN ANALYZE to identify bottlenecks?</p>",<postgresql><database><indexing><query-optimization><performance>,2020-03-24,HQ
270,Efficient way to find duplicates in a large list using Python?,"<p>I have a list of approximately 10 million strings and need to find all duplicate entries efficiently. My current approach uses a nested loop which has O(n^2) time complexity and takes too long.</p><p>Current approach:</p><code>duplicates = []
for i in range(len(data)):
    for j in range(i+1, len(data)):
        if data[i] == data[j]:
            duplicates.append(data[i])</code><p>I have considered using a set or dictionary for O(n) lookup. What would be the most memory-efficient approach for this scale of data? Should I consider using pandas or numpy for better performance?</p>",<python><performance><algorithms><duplicates><large-dataset>,2020-10-14,HQ
826,Python error: list index out of range,"<p>I keep getting an IndexError when I try to access elements in my list. My code loops through a list and tries to access the next element:</p><code>for i in range(len(my_list)):
    print(my_list[i+1])</code><p>Why does this happen and how do I fix it?</p>",<python><error><list><indexerror>,2020-04-21,LQ_EDIT
858,Git merge conflict - how to resolve?,"<p>I got a merge conflict when trying to merge my branch into main. The file shows these markers:</p><code><<<<<<< HEAD
my changes
=======
their changes
>>>>>>> feature-branch</code><p>How do I properly resolve this?</p>",<git><merge-conflict><version-control>,2020-11-03,LQ_EDIT
22,Efficient way to find duplicates in a large list using Python?,"<p>I have a list of approximately 10 million strings and need to find all duplicate entries efficiently. My current approach uses a nested loop which has O(n^2) time complexity and takes too long.</p><p>Current approach:</p><code>duplicates = []
for i in range(len(data)):
    for j in range(i+1, len(data)):
        if data[i] == data[j]:
            duplicates.append(data[i])</code><p>I have considered using a set or dictionary for O(n) lookup. What would be the most memory-efficient approach for this scale of data? Should I consider using pandas or numpy for better performance?</p>",<python><performance><algorithms><duplicates><large-dataset>,2020-08-05,HQ
131,Understanding Python decorators with arguments - how do they work internally?,"<p>I understand basic Python decorators, but I am struggling with decorators that accept arguments. For example:</p><code>@my_decorator(arg1, arg2)
def my_function():
    pass</code><p>This seems to involve three levels of nested functions. Can someone break down the execution flow step by step? How does Python handle the difference between @my_decorator and @my_decorator(args)?</p><p>I am particularly confused about how functools.wraps plays into this and why it is recommended. A clear example with the execution order would be very helpful.</p>",<python><decorators><functions><metaprogramming>,2020-05-07,HQ
193,How to properly implement authentication with JWT tokens in a Node.js API?,"<p>I am building a REST API with Node.js and Express, and I want to implement JWT-based authentication. I have a few concerns about security best practices:</p><p>1. Should I store the JWT in localStorage, sessionStorage, or an HTTP-only cookie?</p><p>2. How should I handle token refresh to maintain user sessions without forcing re-login?</p><p>3. What claims should I include in the payload?</p><p>Here is my current token generation:</p><code>const jwt = require('jsonwebtoken');
const token = jwt.sign({ userId: user.id }, process.env.SECRET, { expiresIn: '1h' });</code><p>Is a 1-hour expiration reasonable? How do I securely implement refresh tokens?</p>",<node.js><jwt><authentication><security><express>,2020-01-02,HQ
1329,python (approach 329),<p>how to learn python fast</p>,<python>,2020-04-19,LQ_CLOSE
570,How to read a file in Java? [70],"<p>I need to read a text file in Java. I found several ways to do it (BufferedReader, Scanner, Files.readAllLines) but I am not sure which one to use. Can someone suggest the best approach for reading a large text file line by line?</p>",<java><file-io><reading>,2020-05-08,LQ_EDIT
886,Python error: list index out of range [386],"<p>I keep getting an IndexError when I try to access elements in my list. My code loops through a list and tries to access the next element:</p><code>for i in range(len(my_list)):
    print(my_list[i+1])</code><p>Why does this happen and how do I fix it?</p>",<python><error><list><indexerror>,2020-09-07,LQ_EDIT
760,CSS flexbox not centering my div,"<p>I am trying to center a div using flexbox but it is not working. Here is my code:</p><code>.container {
  display: flex;
  justify-content: center;
}</code><p>The div still appears on the left side. What am I doing wrong?</p>",<css><flexbox><html><centering>,2020-01-24,LQ_EDIT
1178,plz send me the code (approach 178),<p>i need to make a website. can someone send me the full code? i dont know html</p>,<html><website>,2020-08-15,LQ_CLOSE
258,Best practices for database indexing in PostgreSQL for query optimization?,"<p>I have a PostgreSQL database with a table containing about 50 million rows. My queries are becoming slow, especially those with WHERE clauses on multiple columns and JOIN operations.</p><p>Current table structure:</p><code>CREATE TABLE orders (
    id SERIAL PRIMARY KEY,
    customer_id INT,
    product_id INT,
    order_date TIMESTAMP,
    total_amount DECIMAL(10,2),
    status VARCHAR(20)
);</code><p>I frequently query by customer_id, order_date ranges, and status. Should I create composite indexes? What is the impact on INSERT performance? How do I use EXPLAIN ANALYZE to identify bottlenecks?</p>",<postgresql><database><indexing><query-optimization><performance>,2020-11-20,HQ
720,Sort a list in Python,"<p>I need to sort a list in Python. I have tried using sort() but it doesn't seem to work for my case. My list contains both numbers and strings.</p><code>my_list = [3, 1, 'apple', 2, 'banana']</code><p>How can I sort this?</p>",<python><sorting><list>,2020-06-23,LQ_EDIT
528,React component not re-rendering when state changes - variant 28,"<p>My React component is not re-rendering when I update the state. I am using useState but the UI does not reflect the change.</p><code>const [items, setItems] = useState([1,2,3]);
items.push(4);
setItems(items);</code><p>Why is the component not updating?</p>",<react><state><re-render><hooks>,2020-05-13,LQ_EDIT
1449,what? [449],<p>what is the difference?</p>,,2020-03-17,LQ_CLOSE
905,CSS flexbox not centering my div,"<p>I am trying to center a div using flexbox but it is not working. Here is my code:</p><code>.container {
  display: flex;
  justify-content: center;
}</code><p>The div still appears on the left side. What am I doing wrong?</p>",<css><flexbox><html><centering>,2020-01-17,LQ_EDIT
305,How to handle CORS errors in a React app calling a REST API? [305],"<p>I am building a React frontend that calls a Node.js Express backend API. When I make fetch requests from my React app (running on localhost:3000) to my API (running on localhost:5000), I get the following error:</p><code>Access to fetch at 'http://localhost:5000/api/data' from origin 'http://localhost:3000' has been blocked by CORS policy</code><p>I have tried adding the cors middleware to my Express server but the error persists. Here is my Express configuration:</p><code>const cors = require('cors');
app.use(cors());</code><p>What am I missing? Is there a way to configure CORS headers properly for both development and production environments?</p>",<javascript><react><cors><express><rest-api>,2020-12-04,HQ
220,How to implement a binary search tree in Python with O(log n) lookup? - variant 220,"<p>I am working on a data structures course and need to implement a binary search tree (BST) in Python. I need the tree to support insertion, deletion, and lookup operations with O(log n) average time complexity.</p><p>Here is what I have so far:</p><code>class Node:
    def __init__(self, key):
        self.left = None
        self.right = None
        self.val = key</code><p>How can I implement the lookup method efficiently? I have read about balanced BSTs like AVL trees - would that be necessary for guaranteed O(log n)?</p>",<python><data-structures><binary-search-tree><algorithm>,2020-10-03,HQ
450,How to properly implement authentication with JWT tokens in a Node.js API?,"<p>I am building a REST API with Node.js and Express, and I want to implement JWT-based authentication. I have a few concerns about security best practices:</p><p>1. Should I store the JWT in localStorage, sessionStorage, or an HTTP-only cookie?</p><p>2. How should I handle token refresh to maintain user sessions without forcing re-login?</p><p>3. What claims should I include in the payload?</p><p>Here is my current token generation:</p><code>const jwt = require('jsonwebtoken');
const token = jwt.sign({ userId: user.id }, process.env.SECRET, { expiresIn: '1h' });</code><p>Is a 1-hour expiration reasonable? How do I securely implement refresh tokens?</p>",<node.js><jwt><authentication><security><express>,2020-10-21,HQ
210,How to handle CORS errors in a React app calling a REST API?,"<p>I am building a React frontend that calls a Node.js Express backend API. When I make fetch requests from my React app (running on localhost:3000) to my API (running on localhost:5000), I get the following error:</p><code>Access to fetch at 'http://localhost:5000/api/data' from origin 'http://localhost:3000' has been blocked by CORS policy</code><p>I have tried adding the cors middleware to my Express server but the error persists. Here is my Express configuration:</p><code>const cors = require('cors');
app.use(cors());</code><p>What am I missing? Is there a way to configure CORS headers properly for both development and production environments?</p>",<javascript><react><cors><express><rest-api>,2020-11-09,HQ
844,Sort a list in Python,"<p>I need to sort a list in Python. I have tried using sort() but it doesn't seem to work for my case. My list contains both numbers and strings.</p><code>my_list = [3, 1, 'apple', 2, 'banana']</code><p>How can I sort this?</p>",<python><sorting><list>,2020-10-18,LQ_EDIT
966,Git merge conflict - how to resolve? [466],"<p>I got a merge conflict when trying to merge my branch into main. The file shows these markers:</p><code><<<<<<< HEAD
my changes
=======
their changes
>>>>>>> feature-branch</code><p>How do I properly resolve this?</p>",<git><merge-conflict><version-control>,2020-11-13,LQ_EDIT
364,Efficient way to find duplicates in a large list using Python? - variant 364,"<p>I have a list of approximately 10 million strings and need to find all duplicate entries efficiently. My current approach uses a nested loop which has O(n^2) time complexity and takes too long.</p><p>Current approach:</p><code>duplicates = []
for i in range(len(data)):
    for j in range(i+1, len(data)):
        if data[i] == data[j]:
            duplicates.append(data[i])</code><p>I have considered using a set or dictionary for O(n) lookup. What would be the most memory-efficient approach for this scale of data? Should I consider using pandas or numpy for better performance?</p>",<python><performance><algorithms><duplicates><large-dataset>,2020-11-08,HQ
91,How to implement a binary search tree in Python with O(log n) lookup? [91],"<p>I am working on a data structures course and need to implement a binary search tree (BST) in Python. I need the tree to support insertion, deletion, and lookup operations with O(log n) average time complexity.</p><p>Here is what I have so far:</p><code>class Node:
    def __init__(self, key):
        self.left = None
        self.right = None
        self.val = key</code><p>How can I implement the lookup method efficiently? I have read about balanced BSTs like AVL trees - would that be necessary for guaranteed O(log n)?</p>",<python><data-structures><binary-search-tree><algorithm>,2020-12-10,HQ
1240,best programming language?,<p>which is the best programming language to learn? python or java or c++?</p>,<programming><career>,2020-07-01,LQ_CLOSE
1120,what? [120],<p>what is the difference?</p>,,2020-10-21,LQ_CLOSE
707,Sort a list in Python - variant 207,"<p>I need to sort a list in Python. I have tried using sort() but it doesn't seem to work for my case. My list contains both numbers and strings.</p><code>my_list = [3, 1, 'apple', 2, 'banana']</code><p>How can I sort this?</p>",<python><sorting><list>,2020-07-27,LQ_EDIT
1000,urgent!!! need answer now,<p>how do i fix this error??? its not working and i need to submit tomorrow. please help urgent</p>,<java>,2020-02-19,LQ_CLOSE
2,How to properly implement authentication with JWT tokens in a Node.js API? - variant 2,"<p>I am building a REST API with Node.js and Express, and I want to implement JWT-based authentication. I have a few concerns about security best practices:</p><p>1. Should I store the JWT in localStorage, sessionStorage, or an HTTP-only cookie?</p><p>2. How should I handle token refresh to maintain user sessions without forcing re-login?</p><p>3. What claims should I include in the payload?</p><p>Here is my current token generation:</p><code>const jwt = require('jsonwebtoken');
const token = jwt.sign({ userId: user.id }, process.env.SECRET, { expiresIn: '1h' });</code><p>Is a 1-hour expiration reasonable? How do I securely implement refresh tokens?</p>",<node.js><jwt><authentication><security><express>,2020-08-19,HQ
1103,error - variant 103,<p>getting an error. why?</p>,,2020-10-26,LQ_CLOSE
389,Understanding Python decorators with arguments - how do they work internally? (approach 389),"<p>I understand basic Python decorators, but I am struggling with decorators that accept arguments. For example:</p><code>@my_decorator(arg1, arg2)
def my_function():
    pass</code><p>This seems to involve three levels of nested functions. Can someone break down the execution flow step by step? How does Python handle the difference between @my_decorator and @my_decorator(args)?</p><p>I am particularly confused about how functools.wraps plays into this and why it is recommended. A clear example with the execution order would be very helpful.</p>",<python><decorators><functions><metaprogramming>,2020-02-27,HQ
1312,help plz - variant 312,<p>my code doesnt work</p>,<python>,2020-09-12,LQ_CLOSE
992,CSS flexbox not centering my div - variant 492,"<p>I am trying to center a div using flexbox but it is not working. Here is my code:</p><code>.container {
  display: flex;
  justify-content: center;
}</code><p>The div still appears on the left side. What am I doing wrong?</p>",<css><flexbox><html><centering>,2020-09-27,LQ_EDIT
1071,best programming language?,<p>which is the best programming language to learn? python or java or c++?</p>,<programming><career>,2020-05-04,LQ_CLOSE
440,How to handle CORS errors in a React app calling a REST API? [440],"<p>I am building a React frontend that calls a Node.js Express backend API. When I make fetch requests from my React app (running on localhost:3000) to my API (running on localhost:5000), I get the following error:</p><code>Access to fetch at 'http://localhost:5000/api/data' from origin 'http://localhost:3000' has been blocked by CORS policy</code><p>I have tried adding the cors middleware to my Express server but the error persists. Here is my Express configuration:</p><code>const cors = require('cors');
app.use(cors());</code><p>What am I missing? Is there a way to configure CORS headers properly for both development and production environments?</p>",<javascript><react><cors><express><rest-api>,2020-07-08,HQ
9,Best practices for database indexing in PostgreSQL for query optimization? - variant 9,"<p>I have a PostgreSQL database with a table containing about 50 million rows. My queries are becoming slow, especially those with WHERE clauses on multiple columns and JOIN operations.</p><p>Current table structure:</p><code>CREATE TABLE orders (
    id SERIAL PRIMARY KEY,
    customer_id INT,
    product_id INT,
    order_date TIMESTAMP,
    total_amount DECIMAL(10,2),
    status VARCHAR(20)
);</code><p>I frequently query by customer_id, order_date ranges, and status. Should I create composite indexes? What is the impact on INSERT performance? How do I use EXPLAIN ANALYZE to identify bottlenecks?</p>",<postgresql><database><indexing><query-optimization><performance>,2020-11-16,HQ
988,React component not re-rendering when state changes [488],"<p>My React component is not re-rendering when I update the state. I am using useState but the UI does not reflect the change.</p><code>const [items, setItems] = useState([1,2,3]);
items.push(4);
setItems(items);</code><p>Why is the component not updating?</p>",<react><state><re-render><hooks>,2020-12-09,LQ_EDIT
841,React component not re-rendering when state changes [341],"<p>My React component is not re-rendering when I update the state. I am using useState but the UI does not reflect the change.</p><code>const [items, setItems] = useState([1,2,3]);
items.push(4);
setItems(items);</code><p>Why is the component not updating?</p>",<react><state><re-render><hooks>,2020-02-03,LQ_EDIT
1261,code not working [261],<p>i wrote some code but it doesnt work. can someone fix it for me?</p>,<python>,2020-11-05,LQ_CLOSE
1212,code not working,<p>i wrote some code but it doesnt work. can someone fix it for me?</p>,<python>,2020-05-11,LQ_CLOSE
776,React component not re-rendering when state changes (approach 276),"<p>My React component is not re-rendering when I update the state. I am using useState but the UI does not reflect the change.</p><code>const [items, setItems] = useState([1,2,3]);
items.push(4);
setItems(items);</code><p>Why is the component not updating?</p>",<react><state><re-render><hooks>,2020-08-05,LQ_EDIT
775,CSS flexbox not centering my div,"<p>I am trying to center a div using flexbox but it is not working. Here is my code:</p><code>.container {
  display: flex;
  justify-content: center;
}</code><p>The div still appears on the left side. What am I doing wrong?</p>",<css><flexbox><html><centering>,2020-03-16,LQ_EDIT
208,Understanding Python decorators with arguments - how do they work internally? - variant 208,"<p>I understand basic Python decorators, but I am struggling with decorators that accept arguments. For example:</p><code>@my_decorator(arg1, arg2)
def my_function():
    pass</code><p>This seems to involve three levels of nested functions. Can someone break down the execution flow step by step? How does Python handle the difference between @my_decorator and @my_decorator(args)?</p><p>I am particularly confused about how functools.wraps plays into this and why it is recommended. A clear example with the execution order would be very helpful.</p>",<python><decorators><functions><metaprogramming>,2020-12-28,HQ
283,How to handle CORS errors in a React app calling a REST API? [283],"<p>I am building a React frontend that calls a Node.js Express backend API. When I make fetch requests from my React app (running on localhost:3000) to my API (running on localhost:5000), I get the following error:</p><code>Access to fetch at 'http://localhost:5000/api/data' from origin 'http://localhost:3000' has been blocked by CORS policy</code><p>I have tried adding the cors middleware to my Express server but the error persists. Here is my Express configuration:</p><code>const cors = require('cors');
app.use(cors());</code><p>What am I missing? Is there a way to configure CORS headers properly for both development and production environments?</p>",<javascript><react><cors><express><rest-api>,2020-12-10,HQ
585,Git merge conflict - how to resolve?,"<p>I got a merge conflict when trying to merge my branch into main. The file shows these markers:</p><code><<<<<<< HEAD
my changes
=======
their changes
>>>>>>> feature-branch</code><p>How do I properly resolve this?</p>",<git><merge-conflict><version-control>,2020-01-15,LQ_EDIT
508,Sort a list in Python [8],"<p>I need to sort a list in Python. I have tried using sort() but it doesn't seem to work for my case. My list contains both numbers and strings.</p><code>my_list = [3, 1, 'apple', 2, 'banana']</code><p>How can I sort this?</p>",<python><sorting><list>,2020-07-09,LQ_EDIT
112,How to handle CORS errors in a React app calling a REST API?,"<p>I am building a React frontend that calls a Node.js Express backend API. When I make fetch requests from my React app (running on localhost:3000) to my API (running on localhost:5000), I get the following error:</p><code>Access to fetch at 'http://localhost:5000/api/data' from origin 'http://localhost:3000' has been blocked by CORS policy</code><p>I have tried adding the cors middleware to my Express server but the error persists. Here is my Express configuration:</p><code>const cors = require('cors');
app.use(cors());</code><p>What am I missing? Is there a way to configure CORS headers properly for both development and production environments?</p>",<javascript><react><cors><express><rest-api>,2020-11-04,HQ
1190,HEEELP (approach 190),<p>nothing works!!!</p>,,2020-10-18,LQ_CLOSE
1015,urgent!!! need answer now,<p>how do i fix this error??? its not working and i need to submit tomorrow. please help urgent</p>,<java>,2020-02-25,LQ_CLOSE
535,Git merge conflict - how to resolve? - variant 35,"<p>I got a merge conflict when trying to merge my branch into main. The file shows these markers:</p><code><<<<<<< HEAD
my changes
=======
their changes
>>>>>>> feature-branch</code><p>How do I properly resolve this?</p>",<git><merge-conflict><version-control>,2020-01-10,LQ_EDIT
616,CSS flexbox not centering my div (approach 116),"<p>I am trying to center a div using flexbox but it is not working. Here is my code:</p><code>.container {
  display: flex;
  justify-content: center;
}</code><p>The div still appears on the left side. What am I doing wrong?</p>",<css><flexbox><html><centering>,2020-11-28,LQ_EDIT
518,Python error: list index out of range,"<p>I keep getting an IndexError when I try to access elements in my list. My code loops through a list and tries to access the next element:</p><code>for i in range(len(my_list)):
    print(my_list[i+1])</code><p>Why does this happen and how do I fix it?</p>",<python><error><list><indexerror>,2020-04-01,LQ_EDIT
769,Git merge conflict - how to resolve? - variant 269,"<p>I got a merge conflict when trying to merge my branch into main. The file shows these markers:</p><code><<<<<<< HEAD
my changes
=======
their changes
>>>>>>> feature-branch</code><p>How do I properly resolve this?</p>",<git><merge-conflict><version-control>,2020-03-21,LQ_EDIT
71,How to handle CORS errors in a React app calling a REST API? - variant 71,"<p>I am building a React frontend that calls a Node.js Express backend API. When I make fetch requests from my React app (running on localhost:3000) to my API (running on localhost:5000), I get the following error:</p><code>Access to fetch at 'http://localhost:5000/api/data' from origin 'http://localhost:3000' has been blocked by CORS policy</code><p>I have tried adding the cors middleware to my Express server but the error persists. Here is my Express configuration:</p><code>const cors = require('cors');
app.use(cors());</code><p>What am I missing? Is there a way to configure CORS headers properly for both development and production environments?</p>",<javascript><react><cors><express><rest-api>,2020-04-24,HQ
40,Best practices for database indexing in PostgreSQL for query optimization? (approach 40),"<p>I have a PostgreSQL database with a table containing about 50 million rows. My queries are becoming slow, especially those with WHERE clauses on multiple columns and JOIN operations.</p><p>Current table structure:</p><code>CREATE TABLE orders (
    id SERIAL PRIMARY KEY,
    customer_id INT,
    product_id INT,
    order_date TIMESTAMP,
    total_amount DECIMAL(10,2),
    status VARCHAR(20)
);</code><p>I frequently query by customer_id, order_date ranges, and status. Should I create composite indexes? What is the impact on INSERT performance? How do I use EXPLAIN ANALYZE to identify bottlenecks?</p>",<postgresql><database><indexing><query-optimization><performance>,2020-02-09,HQ
1289,is this good [289],<p>is my code good?</p>,<code-review>,2020-03-28,LQ_CLOSE
285,How to properly implement authentication with JWT tokens in a Node.js API?,"<p>I am building a REST API with Node.js and Express, and I want to implement JWT-based authentication. I have a few concerns about security best practices:</p><p>1. Should I store the JWT in localStorage, sessionStorage, or an HTTP-only cookie?</p><p>2. How should I handle token refresh to maintain user sessions without forcing re-login?</p><p>3. What claims should I include in the payload?</p><p>Here is my current token generation:</p><code>const jwt = require('jsonwebtoken');
const token = jwt.sign({ userId: user.id }, process.env.SECRET, { expiresIn: '1h' });</code><p>Is a 1-hour expiration reasonable? How do I securely implement refresh tokens?</p>",<node.js><jwt><authentication><security><express>,2020-03-19,HQ
24,How to properly implement authentication with JWT tokens in a Node.js API? (approach 24),"<p>I am building a REST API with Node.js and Express, and I want to implement JWT-based authentication. I have a few concerns about security best practices:</p><p>1. Should I store the JWT in localStorage, sessionStorage, or an HTTP-only cookie?</p><p>2. How should I handle token refresh to maintain user sessions without forcing re-login?</p><p>3. What claims should I include in the payload?</p><p>Here is my current token generation:</p><code>const jwt = require('jsonwebtoken');
const token = jwt.sign({ userId: user.id }, process.env.SECRET, { expiresIn: '1h' });</code><p>Is a 1-hour expiration reasonable? How do I securely implement refresh tokens?</p>",<node.js><jwt><authentication><security><express>,2020-03-13,HQ
460,Best practices for database indexing in PostgreSQL for query optimization?,"<p>I have a PostgreSQL database with a table containing about 50 million rows. My queries are becoming slow, especially those with WHERE clauses on multiple columns and JOIN operations.</p><p>Current table structure:</p><code>CREATE TABLE orders (
    id SERIAL PRIMARY KEY,
    customer_id INT,
    product_id INT,
    order_date TIMESTAMP,
    total_amount DECIMAL(10,2),
    status VARCHAR(20)
);</code><p>I frequently query by customer_id, order_date ranges, and status. Should I create composite indexes? What is the impact on INSERT performance? How do I use EXPLAIN ANALYZE to identify bottlenecks?</p>",<postgresql><database><indexing><query-optimization><performance>,2020-09-16,HQ
240,Understanding Python decorators with arguments - how do they work internally? [240],"<p>I understand basic Python decorators, but I am struggling with decorators that accept arguments. For example:</p><code>@my_decorator(arg1, arg2)
def my_function():
    pass</code><p>This seems to involve three levels of nested functions. Can someone break down the execution flow step by step? How does Python handle the difference between @my_decorator and @my_decorator(args)?</p><p>I am particularly confused about how functools.wraps plays into this and why it is recommended. A clear example with the execution order would be very helpful.</p>",<python><decorators><functions><metaprogramming>,2020-01-20,HQ
15,What is the difference between == and === operators in JavaScript? [15],"<p>I have been learning JavaScript and encountered both == and === operators. I understand that == checks for equality while === checks for strict equality, but I am confused about when to use each one.</p><p>For example:</p><code>console.log(1 == '1');  // true
console.log(1 === '1'); // false</code><p>Can someone explain the type coercion rules that == follows? Are there any best practices for which one to use in production code?</p>",<javascript><operators><comparison><type-coercion>,2020-05-08,HQ
421,Understanding Python decorators with arguments - how do they work internally?,"<p>I understand basic Python decorators, but I am struggling with decorators that accept arguments. For example:</p><code>@my_decorator(arg1, arg2)
def my_function():
    pass</code><p>This seems to involve three levels of nested functions. Can someone break down the execution flow step by step? How does Python handle the difference between @my_decorator and @my_decorator(args)?</p><p>I am particularly confused about how functools.wraps plays into this and why it is recommended. A clear example with the execution order would be very helpful.</p>",<python><decorators><functions><metaprogramming>,2020-11-01,HQ
674,How to read a file in Java?,"<p>I need to read a text file in Java. I found several ways to do it (BufferedReader, Scanner, Files.readAllLines) but I am not sure which one to use. Can someone suggest the best approach for reading a large text file line by line?</p>",<java><file-io><reading>,2020-04-20,LQ_EDIT
789,Git merge conflict - how to resolve? - variant 289,"<p>I got a merge conflict when trying to merge my branch into main. The file shows these markers:</p><code><<<<<<< HEAD
my changes
=======
their changes
>>>>>>> feature-branch</code><p>How do I properly resolve this?</p>",<git><merge-conflict><version-control>,2020-12-05,LQ_EDIT
369,Efficient way to find duplicates in a large list using Python? (approach 369),"<p>I have a list of approximately 10 million strings and need to find all duplicate entries efficiently. My current approach uses a nested loop which has O(n^2) time complexity and takes too long.</p><p>Current approach:</p><code>duplicates = []
for i in range(len(data)):
    for j in range(i+1, len(data)):
        if data[i] == data[j]:
            duplicates.append(data[i])</code><p>I have considered using a set or dictionary for O(n) lookup. What would be the most memory-efficient approach for this scale of data? Should I consider using pandas or numpy for better performance?</p>",<python><performance><algorithms><duplicates><large-dataset>,2020-10-13,HQ
1424,is this good - variant 424,<p>is my code good?</p>,<code-review>,2020-11-14,LQ_CLOSE
767,Docker container exits immediately after starting,<p>My Docker container starts and then immediately exits. I am running:</p><code>docker run my-app</code><p>When I check the logs there is nothing useful. The Dockerfile uses a Python base image. What could cause this behavior?</p>,<docker><container><python>,2020-06-03,LQ_EDIT
1177,need project (approach 177),<p>can someone give me a python project for my college assignment? it should be easy and about machine learning</p>,<python><machine-learning><project>,2020-02-10,LQ_CLOSE
379,How to implement a binary search tree in Python with O(log n) lookup? - variant 379,"<p>I am working on a data structures course and need to implement a binary search tree (BST) in Python. I need the tree to support insertion, deletion, and lookup operations with O(log n) average time complexity.</p><p>Here is what I have so far:</p><code>class Node:
    def __init__(self, key):
        self.left = None
        self.right = None
        self.val = key</code><p>How can I implement the lookup method efficiently? I have read about balanced BSTs like AVL trees - would that be necessary for guaranteed O(log n)?</p>",<python><data-structures><binary-search-tree><algorithm>,2020-04-23,HQ
201,Efficient way to find duplicates in a large list using Python? [201],"<p>I have a list of approximately 10 million strings and need to find all duplicate entries efficiently. My current approach uses a nested loop which has O(n^2) time complexity and takes too long.</p><p>Current approach:</p><code>duplicates = []
for i in range(len(data)):
    for j in range(i+1, len(data)):
        if data[i] == data[j]:
            duplicates.append(data[i])</code><p>I have considered using a set or dictionary for O(n) lookup. What would be the most memory-efficient approach for this scale of data? Should I consider using pandas or numpy for better performance?</p>",<python><performance><algorithms><duplicates><large-dataset>,2020-05-23,HQ
155,Best practices for database indexing in PostgreSQL for query optimization?,"<p>I have a PostgreSQL database with a table containing about 50 million rows. My queries are becoming slow, especially those with WHERE clauses on multiple columns and JOIN operations.</p><p>Current table structure:</p><code>CREATE TABLE orders (
    id SERIAL PRIMARY KEY,
    customer_id INT,
    product_id INT,
    order_date TIMESTAMP,
    total_amount DECIMAL(10,2),
    status VARCHAR(20)
);</code><p>I frequently query by customer_id, order_date ranges, and status. Should I create composite indexes? What is the impact on INSERT performance? How do I use EXPLAIN ANALYZE to identify bottlenecks?</p>",<postgresql><database><indexing><query-optimization><performance>,2020-02-23,HQ
1400,is this good,<p>is my code good?</p>,<code-review>,2020-06-12,LQ_CLOSE
1425,what? (approach 425),<p>what is the difference?</p>,,2020-08-23,LQ_CLOSE
481,How does garbage collection work in Java and when does it run? - variant 481,"<p>I am trying to understand Java's garbage collection mechanism. Specifically, I want to know:</p><p>1. How does the JVM decide which objects are eligible for garbage collection?</p><p>2. What are the different garbage collection algorithms available (Serial, Parallel, G1, ZGC)?</p><p>3. Can I force garbage collection to run, or is it always at the JVM's discretion?</p><p>I have read that calling System.gc() is just a suggestion to the JVM. In a production environment with high memory usage, what GC tuning parameters should I consider?</p>",<java><garbage-collection><jvm><memory-management><performance>,2020-09-14,HQ
829,Python error: list index out of range [329],"<p>I keep getting an IndexError when I try to access elements in my list. My code loops through a list and tries to access the next element:</p><code>for i in range(len(my_list)):
    print(my_list[i+1])</code><p>Why does this happen and how do I fix it?</p>",<python><error><list><indexerror>,2020-09-27,LQ_EDIT
20,Understanding Python decorators with arguments - how do they work internally? - variant 20,"<p>I understand basic Python decorators, but I am struggling with decorators that accept arguments. For example:</p><code>@my_decorator(arg1, arg2)
def my_function():
    pass</code><p>This seems to involve three levels of nested functions. Can someone break down the execution flow step by step? How does Python handle the difference between @my_decorator and @my_decorator(args)?</p><p>I am particularly confused about how functools.wraps plays into this and why it is recommended. A clear example with the execution order would be very helpful.</p>",<python><decorators><functions><metaprogramming>,2020-08-26,HQ
295,How to handle CORS errors in a React app calling a REST API?,"<p>I am building a React frontend that calls a Node.js Express backend API. When I make fetch requests from my React app (running on localhost:3000) to my API (running on localhost:5000), I get the following error:</p><code>Access to fetch at 'http://localhost:5000/api/data' from origin 'http://localhost:3000' has been blocked by CORS policy</code><p>I have tried adding the cors middleware to my Express server but the error persists. Here is my Express configuration:</p><code>const cors = require('cors');
app.use(cors());</code><p>What am I missing? Is there a way to configure CORS headers properly for both development and production environments?</p>",<javascript><react><cors><express><rest-api>,2020-10-22,HQ
1030,error,<p>getting an error. why?</p>,,2020-11-17,LQ_CLOSE
222,Understanding Python decorators with arguments - how do they work internally?,"<p>I understand basic Python decorators, but I am struggling with decorators that accept arguments. For example:</p><code>@my_decorator(arg1, arg2)
def my_function():
    pass</code><p>This seems to involve three levels of nested functions. Can someone break down the execution flow step by step? How does Python handle the difference between @my_decorator and @my_decorator(args)?</p><p>I am particularly confused about how functools.wraps plays into this and why it is recommended. A clear example with the execution order would be very helpful.</p>",<python><decorators><functions><metaprogramming>,2020-07-03,HQ
235,Best practices for database indexing in PostgreSQL for query optimization?,"<p>I have a PostgreSQL database with a table containing about 50 million rows. My queries are becoming slow, especially those with WHERE clauses on multiple columns and JOIN operations.</p><p>Current table structure:</p><code>CREATE TABLE orders (
    id SERIAL PRIMARY KEY,
    customer_id INT,
    product_id INT,
    order_date TIMESTAMP,
    total_amount DECIMAL(10,2),
    status VARCHAR(20)
);</code><p>I frequently query by customer_id, order_date ranges, and status. Should I create composite indexes? What is the impact on INSERT performance? How do I use EXPLAIN ANALYZE to identify bottlenecks?</p>",<postgresql><database><indexing><query-optimization><performance>,2020-08-15,HQ
1064,how to hack wifi,<p>how can i hack my neighbors wifi password using python??</p>,<python><wifi><hacking>,2020-07-27,LQ_CLOSE
593,CSS flexbox not centering my div,"<p>I am trying to center a div using flexbox but it is not working. Here is my code:</p><code>.container {
  display: flex;
  justify-content: center;
}</code><p>The div still appears on the left side. What am I doing wrong?</p>",<css><flexbox><html><centering>,2020-01-05,LQ_EDIT
1231,how to hack wifi [231],<p>how can i hack my neighbors wifi password using python??</p>,<python><wifi><hacking>,2020-02-18,LQ_CLOSE
1119,HEEELP,<p>nothing works!!!</p>,,2020-11-04,LQ_CLOSE
173,Best practices for database indexing in PostgreSQL for query optimization?,"<p>I have a PostgreSQL database with a table containing about 50 million rows. My queries are becoming slow, especially those with WHERE clauses on multiple columns and JOIN operations.</p><p>Current table structure:</p><code>CREATE TABLE orders (
    id SERIAL PRIMARY KEY,
    customer_id INT,
    product_id INT,
    order_date TIMESTAMP,
    total_amount DECIMAL(10,2),
    status VARCHAR(20)
);</code><p>I frequently query by customer_id, order_date ranges, and status. Should I create composite indexes? What is the impact on INSERT performance? How do I use EXPLAIN ANALYZE to identify bottlenecks?</p>",<postgresql><database><indexing><query-optimization><performance>,2020-06-21,HQ
1270,code not working [270],<p>i wrote some code but it doesnt work. can someone fix it for me?</p>,<python>,2020-12-26,LQ_CLOSE
1255,what?,<p>what is the difference?</p>,,2020-05-14,LQ_CLOSE
1060,need project (approach 60),<p>can someone give me a python project for my college assignment? it should be easy and about machine learning</p>,<python><machine-learning><project>,2020-03-10,LQ_CLOSE
995,How to read a file in Java? (approach 495),"<p>I need to read a text file in Java. I found several ways to do it (BufferedReader, Scanner, Files.readAllLines) but I am not sure which one to use. Can someone suggest the best approach for reading a large text file line by line?</p>",<java><file-io><reading>,2020-01-17,LQ_EDIT
1036,code not working - variant 36,<p>i wrote some code but it doesnt work. can someone fix it for me?</p>,<python>,2020-03-14,LQ_CLOSE
14,Efficient way to find duplicates in a large list using Python? - variant 14,"<p>I have a list of approximately 10 million strings and need to find all duplicate entries efficiently. My current approach uses a nested loop which has O(n^2) time complexity and takes too long.</p><p>Current approach:</p><code>duplicates = []
for i in range(len(data)):
    for j in range(i+1, len(data)):
        if data[i] == data[j]:
            duplicates.append(data[i])</code><p>I have considered using a set or dictionary for O(n) lookup. What would be the most memory-efficient approach for this scale of data? Should I consider using pandas or numpy for better performance?</p>",<python><performance><algorithms><duplicates><large-dataset>,2020-06-25,HQ
835,CSS flexbox not centering my div,"<p>I am trying to center a div using flexbox but it is not working. Here is my code:</p><code>.container {
  display: flex;
  justify-content: center;
}</code><p>The div still appears on the left side. What am I doing wrong?</p>",<css><flexbox><html><centering>,2020-12-20,LQ_EDIT
68,Efficient way to find duplicates in a large list using Python?,"<p>I have a list of approximately 10 million strings and need to find all duplicate entries efficiently. My current approach uses a nested loop which has O(n^2) time complexity and takes too long.</p><p>Current approach:</p><code>duplicates = []
for i in range(len(data)):
    for j in range(i+1, len(data)):
        if data[i] == data[j]:
            duplicates.append(data[i])</code><p>I have considered using a set or dictionary for O(n) lookup. What would be the most memory-efficient approach for this scale of data? Should I consider using pandas or numpy for better performance?</p>",<python><performance><algorithms><duplicates><large-dataset>,2020-11-23,HQ
773,How to read a file in Java?,"<p>I need to read a text file in Java. I found several ways to do it (BufferedReader, Scanner, Files.readAllLines) but I am not sure which one to use. Can someone suggest the best approach for reading a large text file line by line?</p>",<java><file-io><reading>,2020-10-03,LQ_EDIT
517,React component not re-rendering when state changes,"<p>My React component is not re-rendering when I update the state. I am using useState but the UI does not reflect the change.</p><code>const [items, setItems] = useState([1,2,3]);
items.push(4);
setItems(items);</code><p>Why is the component not updating?</p>",<react><state><re-render><hooks>,2020-09-15,LQ_EDIT
1181,need project,<p>can someone give me a python project for my college assignment? it should be easy and about machine learning</p>,<python><machine-learning><project>,2020-03-06,LQ_CLOSE
377,How to handle CORS errors in a React app calling a REST API?,"<p>I am building a React frontend that calls a Node.js Express backend API. When I make fetch requests from my React app (running on localhost:3000) to my API (running on localhost:5000), I get the following error:</p><code>Access to fetch at 'http://localhost:5000/api/data' from origin 'http://localhost:3000' has been blocked by CORS policy</code><p>I have tried adding the cors middleware to my Express server but the error persists. Here is my Express configuration:</p><code>const cors = require('cors');
app.use(cors());</code><p>What am I missing? Is there a way to configure CORS headers properly for both development and production environments?</p>",<javascript><react><cors><express><rest-api>,2020-03-16,HQ
1385,python,<p>how to learn python fast</p>,<python>,2020-02-10,LQ_CLOSE
489,Best practices for database indexing in PostgreSQL for query optimization?,"<p>I have a PostgreSQL database with a table containing about 50 million rows. My queries are becoming slow, especially those with WHERE clauses on multiple columns and JOIN operations.</p><p>Current table structure:</p><code>CREATE TABLE orders (
    id SERIAL PRIMARY KEY,
    customer_id INT,
    product_id INT,
    order_date TIMESTAMP,
    total_amount DECIMAL(10,2),
    status VARCHAR(20)
);</code><p>I frequently query by customer_id, order_date ranges, and status. Should I create composite indexes? What is the impact on INSERT performance? How do I use EXPLAIN ANALYZE to identify bottlenecks?</p>",<postgresql><database><indexing><query-optimization><performance>,2020-09-15,HQ
803,Sort a list in Python [303],"<p>I need to sort a list in Python. I have tried using sort() but it doesn't seem to work for my case. My list contains both numbers and strings.</p><code>my_list = [3, 1, 'apple', 2, 'banana']</code><p>How can I sort this?</p>",<python><sorting><list>,2020-11-24,LQ_EDIT
61,What is the difference between == and === operators in JavaScript?,"<p>I have been learning JavaScript and encountered both == and === operators. I understand that == checks for equality while === checks for strict equality, but I am confused about when to use each one.</p><p>For example:</p><code>console.log(1 == '1');  // true
console.log(1 === '1'); // false</code><p>Can someone explain the type coercion rules that == follows? Are there any best practices for which one to use in production code?</p>",<javascript><operators><comparison><type-coercion>,2020-01-10,HQ
1045,is this good - variant 45,<p>is my code good?</p>,<code-review>,2020-09-16,LQ_CLOSE
383,How does garbage collection work in Java and when does it run?,"<p>I am trying to understand Java's garbage collection mechanism. Specifically, I want to know:</p><p>1. How does the JVM decide which objects are eligible for garbage collection?</p><p>2. What are the different garbage collection algorithms available (Serial, Parallel, G1, ZGC)?</p><p>3. Can I force garbage collection to run, or is it always at the JVM's discretion?</p><p>I have read that calling System.gc() is just a suggestion to the JVM. In a production environment with high memory usage, what GC tuning parameters should I consider?</p>",<java><garbage-collection><jvm><memory-management><performance>,2020-10-02,HQ
1026,what? (approach 26),<p>what is the difference?</p>,,2020-10-03,LQ_CLOSE
404,How to properly implement authentication with JWT tokens in a Node.js API? - variant 404,"<p>I am building a REST API with Node.js and Express, and I want to implement JWT-based authentication. I have a few concerns about security best practices:</p><p>1. Should I store the JWT in localStorage, sessionStorage, or an HTTP-only cookie?</p><p>2. How should I handle token refresh to maintain user sessions without forcing re-login?</p><p>3. What claims should I include in the payload?</p><p>Here is my current token generation:</p><code>const jwt = require('jsonwebtoken');
const token = jwt.sign({ userId: user.id }, process.env.SECRET, { expiresIn: '1h' });</code><p>Is a 1-hour expiration reasonable? How do I securely implement refresh tokens?</p>",<node.js><jwt><authentication><security><express>,2020-08-27,HQ
35,Best practices for database indexing in PostgreSQL for query optimization?,"<p>I have a PostgreSQL database with a table containing about 50 million rows. My queries are becoming slow, especially those with WHERE clauses on multiple columns and JOIN operations.</p><p>Current table structure:</p><code>CREATE TABLE orders (
    id SERIAL PRIMARY KEY,
    customer_id INT,
    product_id INT,
    order_date TIMESTAMP,
    total_amount DECIMAL(10,2),
    status VARCHAR(20)
);</code><p>I frequently query by customer_id, order_date ranges, and status. Should I create composite indexes? What is the impact on INSERT performance? How do I use EXPLAIN ANALYZE to identify bottlenecks?</p>",<postgresql><database><indexing><query-optimization><performance>,2020-09-05,HQ
680,Python error: list index out of range [180],"<p>I keep getting an IndexError when I try to access elements in my list. My code loops through a list and tries to access the next element:</p><code>for i in range(len(my_list)):
    print(my_list[i+1])</code><p>Why does this happen and how do I fix it?</p>",<python><error><list><indexerror>,2020-09-10,LQ_EDIT
1437,urgent!!! need answer now - variant 437,<p>how do i fix this error??? its not working and i need to submit tomorrow. please help urgent</p>,<java>,2020-11-20,LQ_CLOSE
160,How to properly implement authentication with JWT tokens in a Node.js API?,"<p>I am building a REST API with Node.js and Express, and I want to implement JWT-based authentication. I have a few concerns about security best practices:</p><p>1. Should I store the JWT in localStorage, sessionStorage, or an HTTP-only cookie?</p><p>2. How should I handle token refresh to maintain user sessions without forcing re-login?</p><p>3. What claims should I include in the payload?</p><p>Here is my current token generation:</p><code>const jwt = require('jsonwebtoken');
const token = jwt.sign({ userId: user.id }, process.env.SECRET, { expiresIn: '1h' });</code><p>Is a 1-hour expiration reasonable? How do I securely implement refresh tokens?</p>",<node.js><jwt><authentication><security><express>,2020-08-03,HQ
55,Efficient way to find duplicates in a large list using Python?,"<p>I have a list of approximately 10 million strings and need to find all duplicate entries efficiently. My current approach uses a nested loop which has O(n^2) time complexity and takes too long.</p><p>Current approach:</p><code>duplicates = []
for i in range(len(data)):
    for j in range(i+1, len(data)):
        if data[i] == data[j]:
            duplicates.append(data[i])</code><p>I have considered using a set or dictionary for O(n) lookup. What would be the most memory-efficient approach for this scale of data? Should I consider using pandas or numpy for better performance?</p>",<python><performance><algorithms><duplicates><large-dataset>,2020-04-09,HQ
1082,is this good,<p>is my code good?</p>,<code-review>,2020-10-01,LQ_CLOSE
602,React component not re-rendering when state changes,"<p>My React component is not re-rendering when I update the state. I am using useState but the UI does not reflect the change.</p><code>const [items, setItems] = useState([1,2,3]);
items.push(4);
setItems(items);</code><p>Why is the component not updating?</p>",<react><state><re-render><hooks>,2020-05-23,LQ_EDIT
1148,python,<p>how to learn python fast</p>,<python>,2020-02-21,LQ_CLOSE
1248,code not working (approach 248),<p>i wrote some code but it doesnt work. can someone fix it for me?</p>,<python>,2020-06-20,LQ_CLOSE
611,Git merge conflict - how to resolve?,"<p>I got a merge conflict when trying to merge my branch into main. The file shows these markers:</p><code><<<<<<< HEAD
my changes
=======
their changes
>>>>>>> feature-branch</code><p>How do I properly resolve this?</p>",<git><merge-conflict><version-control>,2020-06-22,LQ_EDIT
532,React component not re-rendering when state changes - variant 32,"<p>My React component is not re-rendering when I update the state. I am using useState but the UI does not reflect the change.</p><code>const [items, setItems] = useState([1,2,3]);
items.push(4);
setItems(items);</code><p>Why is the component not updating?</p>",<react><state><re-render><hooks>,2020-11-21,LQ_EDIT
253,How to properly implement authentication with JWT tokens in a Node.js API? (approach 253),"<p>I am building a REST API with Node.js and Express, and I want to implement JWT-based authentication. I have a few concerns about security best practices:</p><p>1. Should I store the JWT in localStorage, sessionStorage, or an HTTP-only cookie?</p><p>2. How should I handle token refresh to maintain user sessions without forcing re-login?</p><p>3. What claims should I include in the payload?</p><p>Here is my current token generation:</p><code>const jwt = require('jsonwebtoken');
const token = jwt.sign({ userId: user.id }, process.env.SECRET, { expiresIn: '1h' });</code><p>Is a 1-hour expiration reasonable? How do I securely implement refresh tokens?</p>",<node.js><jwt><authentication><security><express>,2020-01-03,HQ
1245,python,<p>how to learn python fast</p>,<python>,2020-08-09,LQ_CLOSE
1278,how to hack wifi,<p>how can i hack my neighbors wifi password using python??</p>,<python><wifi><hacking>,2020-12-25,LQ_CLOSE
314,How to implement a binary search tree in Python with O(log n) lookup? - variant 314,"<p>I am working on a data structures course and need to implement a binary search tree (BST) in Python. I need the tree to support insertion, deletion, and lookup operations with O(log n) average time complexity.</p><p>Here is what I have so far:</p><code>class Node:
    def __init__(self, key):
        self.left = None
        self.right = None
        self.val = key</code><p>How can I implement the lookup method efficiently? I have read about balanced BSTs like AVL trees - would that be necessary for guaranteed O(log n)?</p>",<python><data-structures><binary-search-tree><algorithm>,2020-12-09,HQ
34,Understanding Python decorators with arguments - how do they work internally?,"<p>I understand basic Python decorators, but I am struggling with decorators that accept arguments. For example:</p><code>@my_decorator(arg1, arg2)
def my_function():
    pass</code><p>This seems to involve three levels of nested functions. Can someone break down the execution flow step by step? How does Python handle the difference between @my_decorator and @my_decorator(args)?</p><p>I am particularly confused about how functools.wraps plays into this and why it is recommended. A clear example with the execution order would be very helpful.</p>",<python><decorators><functions><metaprogramming>,2020-12-14,HQ
1144,need project - variant 144,<p>can someone give me a python project for my college assignment? it should be easy and about machine learning</p>,<python><machine-learning><project>,2020-06-12,LQ_CLOSE
1024,how to hack wifi [24],<p>how can i hack my neighbors wifi password using python??</p>,<python><wifi><hacking>,2020-07-23,LQ_CLOSE
1446,is this good [446],<p>is my code good?</p>,<code-review>,2020-04-05,LQ_CLOSE
1374,urgent!!! need answer now,<p>how do i fix this error??? its not working and i need to submit tomorrow. please help urgent</p>,<java>,2020-09-10,LQ_CLOSE
453,How to handle CORS errors in a React app calling a REST API? (approach 453),"<p>I am building a React frontend that calls a Node.js Express backend API. When I make fetch requests from my React app (running on localhost:3000) to my API (running on localhost:5000), I get the following error:</p><code>Access to fetch at 'http://localhost:5000/api/data' from origin 'http://localhost:3000' has been blocked by CORS policy</code><p>I have tried adding the cors middleware to my Express server but the error persists. Here is my Express configuration:</p><code>const cors = require('cors');
app.use(cors());</code><p>What am I missing? Is there a way to configure CORS headers properly for both development and production environments?</p>",<javascript><react><cors><express><rest-api>,2020-01-07,HQ
1100,best programming language? - variant 100,<p>which is the best programming language to learn? python or java or c++?</p>,<programming><career>,2020-02-15,LQ_CLOSE
1420,error - variant 420,<p>getting an error. why?</p>,,2020-10-17,LQ_CLOSE
1407,error,<p>getting an error. why?</p>,,2020-03-05,LQ_CLOSE
744,Sort a list in Python (approach 244),"<p>I need to sort a list in Python. I have tried using sort() but it doesn't seem to work for my case. My list contains both numbers and strings.</p><code>my_list = [3, 1, 'apple', 2, 'banana']</code><p>How can I sort this?</p>",<python><sorting><list>,2020-12-06,LQ_EDIT
629,React component not re-rendering when state changes - variant 129,"<p>My React component is not re-rendering when I update the state. I am using useState but the UI does not reflect the change.</p><code>const [items, setItems] = useState([1,2,3]);
items.push(4);
setItems(items);</code><p>Why is the component not updating?</p>",<react><state><re-render><hooks>,2020-06-10,LQ_EDIT
578,Docker container exits immediately after starting [78],<p>My Docker container starts and then immediately exits. I am running:</p><code>docker run my-app</code><p>When I check the logs there is nothing useful. The Dockerfile uses a Python base image. What could cause this behavior?</p>,<docker><container><python>,2020-01-08,LQ_EDIT
415,Understanding Python decorators with arguments - how do they work internally? - variant 415,"<p>I understand basic Python decorators, but I am struggling with decorators that accept arguments. For example:</p><code>@my_decorator(arg1, arg2)
def my_function():
    pass</code><p>This seems to involve three levels of nested functions. Can someone break down the execution flow step by step? How does Python handle the difference between @my_decorator and @my_decorator(args)?</p><p>I am particularly confused about how functools.wraps plays into this and why it is recommended. A clear example with the execution order would be very helpful.</p>",<python><decorators><functions><metaprogramming>,2020-11-23,HQ
89,How to handle CORS errors in a React app calling a REST API?,"<p>I am building a React frontend that calls a Node.js Express backend API. When I make fetch requests from my React app (running on localhost:3000) to my API (running on localhost:5000), I get the following error:</p><code>Access to fetch at 'http://localhost:5000/api/data' from origin 'http://localhost:3000' has been blocked by CORS policy</code><p>I have tried adding the cors middleware to my Express server but the error persists. Here is my Express configuration:</p><code>const cors = require('cors');
app.use(cors());</code><p>What am I missing? Is there a way to configure CORS headers properly for both development and production environments?</p>",<javascript><react><cors><express><rest-api>,2020-12-10,HQ
1101,error - variant 101,<p>getting an error. why?</p>,,2020-07-28,LQ_CLOSE
39,Efficient way to find duplicates in a large list using Python?,"<p>I have a list of approximately 10 million strings and need to find all duplicate entries efficiently. My current approach uses a nested loop which has O(n^2) time complexity and takes too long.</p><p>Current approach:</p><code>duplicates = []
for i in range(len(data)):
    for j in range(i+1, len(data)):
        if data[i] == data[j]:
            duplicates.append(data[i])</code><p>I have considered using a set or dictionary for O(n) lookup. What would be the most memory-efficient approach for this scale of data? Should I consider using pandas or numpy for better performance?</p>",<python><performance><algorithms><duplicates><large-dataset>,2020-06-09,HQ
1403,code not working - variant 403,<p>i wrote some code but it doesnt work. can someone fix it for me?</p>,<python>,2020-02-28,LQ_CLOSE
724,MySQL query not returning expected results (approach 224),<p>I have a MySQL query that should return all users who signed up last month but it returns nothing. Here is my query:</p><code>SELECT * FROM users WHERE signup_date > '2024-01-01';</code><p>The table has data. What could be wrong?</p>,<mysql><sql><query>,2020-11-14,LQ_EDIT
83,How does garbage collection work in Java and when does it run?,"<p>I am trying to understand Java's garbage collection mechanism. Specifically, I want to know:</p><p>1. How does the JVM decide which objects are eligible for garbage collection?</p><p>2. What are the different garbage collection algorithms available (Serial, Parallel, G1, ZGC)?</p><p>3. Can I force garbage collection to run, or is it always at the JVM's discretion?</p><p>I have read that calling System.gc() is just a suggestion to the JVM. In a production environment with high memory usage, what GC tuning parameters should I consider?</p>",<java><garbage-collection><jvm><memory-management><performance>,2020-01-25,HQ
864,Python error: list index out of range [364],"<p>I keep getting an IndexError when I try to access elements in my list. My code loops through a list and tries to access the next element:</p><code>for i in range(len(my_list)):
    print(my_list[i+1])</code><p>Why does this happen and how do I fix it?</p>",<python><error><list><indexerror>,2020-11-14,LQ_EDIT
1359,what? (approach 359),<p>what is the difference?</p>,,2020-05-23,LQ_CLOSE
1023,HEEELP,<p>nothing works!!!</p>,,2020-08-07,LQ_CLOSE
531,MySQL query not returning expected results - variant 31,<p>I have a MySQL query that should return all users who signed up last month but it returns nothing. Here is my query:</p><code>SELECT * FROM users WHERE signup_date > '2024-01-01';</code><p>The table has data. What could be wrong?</p>,<mysql><sql><query>,2020-05-04,LQ_EDIT
782,Python error: list index out of range - variant 282,"<p>I keep getting an IndexError when I try to access elements in my list. My code loops through a list and tries to access the next element:</p><code>for i in range(len(my_list)):
    print(my_list[i+1])</code><p>Why does this happen and how do I fix it?</p>",<python><error><list><indexerror>,2020-01-19,LQ_EDIT
11,How to implement a binary search tree in Python with O(log n) lookup? (approach 11),"<p>I am working on a data structures course and need to implement a binary search tree (BST) in Python. I need the tree to support insertion, deletion, and lookup operations with O(log n) average time complexity.</p><p>Here is what I have so far:</p><code>class Node:
    def __init__(self, key):
        self.left = None
        self.right = None
        self.val = key</code><p>How can I implement the lookup method efficiently? I have read about balanced BSTs like AVL trees - would that be necessary for guaranteed O(log n)?</p>",<python><data-structures><binary-search-tree><algorithm>,2020-03-21,HQ
1366,need project,<p>can someone give me a python project for my college assignment? it should be easy and about machine learning</p>,<python><machine-learning><project>,2020-10-04,LQ_CLOSE
649,React component not re-rendering when state changes [149],"<p>My React component is not re-rendering when I update the state. I am using useState but the UI does not reflect the change.</p><code>const [items, setItems] = useState([1,2,3]);
items.push(4);
setItems(items);</code><p>Why is the component not updating?</p>",<react><state><re-render><hooks>,2020-03-07,LQ_EDIT
648,React component not re-rendering when state changes - variant 148,"<p>My React component is not re-rendering when I update the state. I am using useState but the UI does not reflect the change.</p><code>const [items, setItems] = useState([1,2,3]);
items.push(4);
setItems(items);</code><p>Why is the component not updating?</p>",<react><state><re-render><hooks>,2020-11-23,LQ_EDIT
257,Understanding Python decorators with arguments - how do they work internally? (approach 257),"<p>I understand basic Python decorators, but I am struggling with decorators that accept arguments. For example:</p><code>@my_decorator(arg1, arg2)
def my_function():
    pass</code><p>This seems to involve three levels of nested functions. Can someone break down the execution flow step by step? How does Python handle the difference between @my_decorator and @my_decorator(args)?</p><p>I am particularly confused about how functools.wraps plays into this and why it is recommended. A clear example with the execution order would be very helpful.</p>",<python><decorators><functions><metaprogramming>,2020-03-10,HQ
1238,help plz,<p>my code doesnt work</p>,<python>,2020-01-27,LQ_CLOSE
795,Docker container exits immediately after starting - variant 295,<p>My Docker container starts and then immediately exits. I am running:</p><code>docker run my-app</code><p>When I check the logs there is nothing useful. The Dockerfile uses a Python base image. What could cause this behavior?</p>,<docker><container><python>,2020-02-04,LQ_EDIT
1414,python [414],<p>how to learn python fast</p>,<python>,2020-04-20,LQ_CLOSE
300,What is the difference between == and === operators in JavaScript? (approach 300),"<p>I have been learning JavaScript and encountered both == and === operators. I understand that == checks for equality while === checks for strict equality, but I am confused about when to use each one.</p><p>For example:</p><code>console.log(1 == '1');  // true
console.log(1 === '1'); // false</code><p>Can someone explain the type coercion rules that == follows? Are there any best practices for which one to use in production code?</p>",<javascript><operators><comparison><type-coercion>,2020-05-07,HQ
345,How to implement a binary search tree in Python with O(log n) lookup?,"<p>I am working on a data structures course and need to implement a binary search tree (BST) in Python. I need the tree to support insertion, deletion, and lookup operations with O(log n) average time complexity.</p><p>Here is what I have so far:</p><code>class Node:
    def __init__(self, key):
        self.left = None
        self.right = None
        self.val = key</code><p>How can I implement the lookup method efficiently? I have read about balanced BSTs like AVL trees - would that be necessary for guaranteed O(log n)?</p>",<python><data-structures><binary-search-tree><algorithm>,2020-02-10,HQ
1025,best programming language? (approach 25),<p>which is the best programming language to learn? python or java or c++?</p>,<programming><career>,2020-12-11,LQ_CLOSE
28,Best practices for database indexing in PostgreSQL for query optimization? [28],"<p>I have a PostgreSQL database with a table containing about 50 million rows. My queries are becoming slow, especially those with WHERE clauses on multiple columns and JOIN operations.</p><p>Current table structure:</p><code>CREATE TABLE orders (
    id SERIAL PRIMARY KEY,
    customer_id INT,
    product_id INT,
    order_date TIMESTAMP,
    total_amount DECIMAL(10,2),
    status VARCHAR(20)
);</code><p>I frequently query by customer_id, order_date ranges, and status. Should I create composite indexes? What is the impact on INSERT performance? How do I use EXPLAIN ANALYZE to identify bottlenecks?</p>",<postgresql><database><indexing><query-optimization><performance>,2020-04-22,HQ
278,Efficient way to find duplicates in a large list using Python? [278],"<p>I have a list of approximately 10 million strings and need to find all duplicate entries efficiently. My current approach uses a nested loop which has O(n^2) time complexity and takes too long.</p><p>Current approach:</p><code>duplicates = []
for i in range(len(data)):
    for j in range(i+1, len(data)):
        if data[i] == data[j]:
            duplicates.append(data[i])</code><p>I have considered using a set or dictionary for O(n) lookup. What would be the most memory-efficient approach for this scale of data? Should I consider using pandas or numpy for better performance?</p>",<python><performance><algorithms><duplicates><large-dataset>,2020-01-09,HQ
527,Python error: list index out of range,"<p>I keep getting an IndexError when I try to access elements in my list. My code loops through a list and tries to access the next element:</p><code>for i in range(len(my_list)):
    print(my_list[i+1])</code><p>Why does this happen and how do I fix it?</p>",<python><error><list><indexerror>,2020-10-02,LQ_EDIT
652,Python error: list index out of range,"<p>I keep getting an IndexError when I try to access elements in my list. My code loops through a list and tries to access the next element:</p><code>for i in range(len(my_list)):
    print(my_list[i+1])</code><p>Why does this happen and how do I fix it?</p>",<python><error><list><indexerror>,2020-10-10,LQ_EDIT
306,What is the difference between == and === operators in JavaScript?,"<p>I have been learning JavaScript and encountered both == and === operators. I understand that == checks for equality while === checks for strict equality, but I am confused about when to use each one.</p><p>For example:</p><code>console.log(1 == '1');  // true
console.log(1 === '1'); // false</code><p>Can someone explain the type coercion rules that == follows? Are there any best practices for which one to use in production code?</p>",<javascript><operators><comparison><type-coercion>,2020-08-17,HQ
725,Docker container exits immediately after starting,<p>My Docker container starts and then immediately exits. I am running:</p><code>docker run my-app</code><p>When I check the logs there is nothing useful. The Dockerfile uses a Python base image. What could cause this behavior?</p>,<docker><container><python>,2020-11-23,LQ_EDIT
328,How to implement a binary search tree in Python with O(log n) lookup? [328],"<p>I am working on a data structures course and need to implement a binary search tree (BST) in Python. I need the tree to support insertion, deletion, and lookup operations with O(log n) average time complexity.</p><p>Here is what I have so far:</p><code>class Node:
    def __init__(self, key):
        self.left = None
        self.right = None
        self.val = key</code><p>How can I implement the lookup method efficiently? I have read about balanced BSTs like AVL trees - would that be necessary for guaranteed O(log n)?</p>",<python><data-structures><binary-search-tree><algorithm>,2020-10-08,HQ
413,Best practices for database indexing in PostgreSQL for query optimization?,"<p>I have a PostgreSQL database with a table containing about 50 million rows. My queries are becoming slow, especially those with WHERE clauses on multiple columns and JOIN operations.</p><p>Current table structure:</p><code>CREATE TABLE orders (
    id SERIAL PRIMARY KEY,
    customer_id INT,
    product_id INT,
    order_date TIMESTAMP,
    total_amount DECIMAL(10,2),
    status VARCHAR(20)
);</code><p>I frequently query by customer_id, order_date ranges, and status. Should I create composite indexes? What is the impact on INSERT performance? How do I use EXPLAIN ANALYZE to identify bottlenecks?</p>",<postgresql><database><indexing><query-optimization><performance>,2020-02-20,HQ
645,React component not re-rendering when state changes,"<p>My React component is not re-rendering when I update the state. I am using useState but the UI does not reflect the change.</p><code>const [items, setItems] = useState([1,2,3]);
items.push(4);
setItems(items);</code><p>Why is the component not updating?</p>",<react><state><re-render><hooks>,2020-01-26,LQ_EDIT
1256,how to hack wifi,<p>how can i hack my neighbors wifi password using python??</p>,<python><wifi><hacking>,2020-10-07,LQ_CLOSE
1214,error (approach 214),<p>getting an error. why?</p>,,2020-11-10,LQ_CLOSE
373,Efficient way to find duplicates in a large list using Python? [373],"<p>I have a list of approximately 10 million strings and need to find all duplicate entries efficiently. My current approach uses a nested loop which has O(n^2) time complexity and takes too long.</p><p>Current approach:</p><code>duplicates = []
for i in range(len(data)):
    for j in range(i+1, len(data)):
        if data[i] == data[j]:
            duplicates.append(data[i])</code><p>I have considered using a set or dictionary for O(n) lookup. What would be the most memory-efficient approach for this scale of data? Should I consider using pandas or numpy for better performance?</p>",<python><performance><algorithms><duplicates><large-dataset>,2020-07-26,HQ
1301,urgent!!! need answer now,<p>how do i fix this error??? its not working and i need to submit tomorrow. please help urgent</p>,<java>,2020-04-26,LQ_CLOSE
1397,best programming language? - variant 397,<p>which is the best programming language to learn? python or java or c++?</p>,<programming><career>,2020-09-21,LQ_CLOSE
1134,urgent!!! need answer now [134],<p>how do i fix this error??? its not working and i need to submit tomorrow. please help urgent</p>,<java>,2020-10-14,LQ_CLOSE
934,Python error: list index out of range (approach 434),"<p>I keep getting an IndexError when I try to access elements in my list. My code loops through a list and tries to access the next element:</p><code>for i in range(len(my_list)):
    print(my_list[i+1])</code><p>Why does this happen and how do I fix it?</p>",<python><error><list><indexerror>,2020-05-20,LQ_EDIT
311,Understanding Python decorators with arguments - how do they work internally? (approach 311),"<p>I understand basic Python decorators, but I am struggling with decorators that accept arguments. For example:</p><code>@my_decorator(arg1, arg2)
def my_function():
    pass</code><p>This seems to involve three levels of nested functions. Can someone break down the execution flow step by step? How does Python handle the difference between @my_decorator and @my_decorator(args)?</p><p>I am particularly confused about how functools.wraps plays into this and why it is recommended. A clear example with the execution order would be very helpful.</p>",<python><decorators><functions><metaprogramming>,2020-06-07,HQ
495,Best practices for database indexing in PostgreSQL for query optimization?,"<p>I have a PostgreSQL database with a table containing about 50 million rows. My queries are becoming slow, especially those with WHERE clauses on multiple columns and JOIN operations.</p><p>Current table structure:</p><code>CREATE TABLE orders (
    id SERIAL PRIMARY KEY,
    customer_id INT,
    product_id INT,
    order_date TIMESTAMP,
    total_amount DECIMAL(10,2),
    status VARCHAR(20)
);</code><p>I frequently query by customer_id, order_date ranges, and status. Should I create composite indexes? What is the impact on INSERT performance? How do I use EXPLAIN ANALYZE to identify bottlenecks?</p>",<postgresql><database><indexing><query-optimization><performance>,2020-05-05,HQ
1034,what?,<p>what is the difference?</p>,,2020-01-27,LQ_CLOSE
203,What is the difference between == and === operators in JavaScript? [203],"<p>I have been learning JavaScript and encountered both == and === operators. I understand that == checks for equality while === checks for strict equality, but I am confused about when to use each one.</p><p>For example:</p><code>console.log(1 == '1');  // true
console.log(1 === '1'); // false</code><p>Can someone explain the type coercion rules that == follows? Are there any best practices for which one to use in production code?</p>",<javascript><operators><comparison><type-coercion>,2020-08-21,HQ
485,What is the difference between == and === operators in JavaScript? [485],"<p>I have been learning JavaScript and encountered both == and === operators. I understand that == checks for equality while === checks for strict equality, but I am confused about when to use each one.</p><p>For example:</p><code>console.log(1 == '1');  // true
console.log(1 === '1'); // false</code><p>Can someone explain the type coercion rules that == follows? Are there any best practices for which one to use in production code?</p>",<javascript><operators><comparison><type-coercion>,2020-11-20,HQ
729,Git merge conflict - how to resolve?,"<p>I got a merge conflict when trying to merge my branch into main. The file shows these markers:</p><code><<<<<<< HEAD
my changes
=======
their changes
>>>>>>> feature-branch</code><p>How do I properly resolve this?</p>",<git><merge-conflict><version-control>,2020-03-10,LQ_EDIT
316,How to handle CORS errors in a React app calling a REST API? - variant 316,"<p>I am building a React frontend that calls a Node.js Express backend API. When I make fetch requests from my React app (running on localhost:3000) to my API (running on localhost:5000), I get the following error:</p><code>Access to fetch at 'http://localhost:5000/api/data' from origin 'http://localhost:3000' has been blocked by CORS policy</code><p>I have tried adding the cors middleware to my Express server but the error persists. Here is my Express configuration:</p><code>const cors = require('cors');
app.use(cors());</code><p>What am I missing? Is there a way to configure CORS headers properly for both development and production environments?</p>",<javascript><react><cors><express><rest-api>,2020-05-09,HQ
810,Git merge conflict - how to resolve? (approach 310),"<p>I got a merge conflict when trying to merge my branch into main. The file shows these markers:</p><code><<<<<<< HEAD
my changes
=======
their changes
>>>>>>> feature-branch</code><p>How do I properly resolve this?</p>",<git><merge-conflict><version-control>,2020-08-28,LQ_EDIT
1020,is this good,<p>is my code good?</p>,<code-review>,2020-06-14,LQ_CLOSE
1093,best programming language?,<p>which is the best programming language to learn? python or java or c++?</p>,<programming><career>,2020-06-28,LQ_CLOSE
759,Docker container exits immediately after starting,<p>My Docker container starts and then immediately exits. I am running:</p><code>docker run my-app</code><p>When I check the logs there is nothing useful. The Dockerfile uses a Python base image. What could cause this behavior?</p>,<docker><container><python>,2020-04-11,LQ_EDIT
964,Docker container exits immediately after starting (approach 464),<p>My Docker container starts and then immediately exits. I am running:</p><code>docker run my-app</code><p>When I check the logs there is nothing useful. The Dockerfile uses a Python base image. What could cause this behavior?</p>,<docker><container><python>,2020-04-28,LQ_EDIT
579,How to read a file in Java?,"<p>I need to read a text file in Java. I found several ways to do it (BufferedReader, Scanner, Files.readAllLines) but I am not sure which one to use. Can someone suggest the best approach for reading a large text file line by line?</p>",<java><file-io><reading>,2020-11-26,LQ_EDIT
574,Sort a list in Python [74],"<p>I need to sort a list in Python. I have tried using sort() but it doesn't seem to work for my case. My list contains both numbers and strings.</p><code>my_list = [3, 1, 'apple', 2, 'banana']</code><p>How can I sort this?</p>",<python><sorting><list>,2020-08-04,LQ_EDIT
548,CSS flexbox not centering my div (approach 48),"<p>I am trying to center a div using flexbox but it is not working. Here is my code:</p><code>.container {
  display: flex;
  justify-content: center;
}</code><p>The div still appears on the left side. What am I doing wrong?</p>",<css><flexbox><html><centering>,2020-02-25,LQ_EDIT
466,How to implement a binary search tree in Python with O(log n) lookup? - variant 466,"<p>I am working on a data structures course and need to implement a binary search tree (BST) in Python. I need the tree to support insertion, deletion, and lookup operations with O(log n) average time complexity.</p><p>Here is what I have so far:</p><code>class Node:
    def __init__(self, key):
        self.left = None
        self.right = None
        self.val = key</code><p>How can I implement the lookup method efficiently? I have read about balanced BSTs like AVL trees - would that be necessary for guaranteed O(log n)?</p>",<python><data-structures><binary-search-tree><algorithm>,2020-02-09,HQ
624,React component not re-rendering when state changes (approach 124),"<p>My React component is not re-rendering when I update the state. I am using useState but the UI does not reflect the change.</p><code>const [items, setItems] = useState([1,2,3]);
items.push(4);
setItems(items);</code><p>Why is the component not updating?</p>",<react><state><re-render><hooks>,2020-07-12,LQ_EDIT
909,How to read a file in Java? [409],"<p>I need to read a text file in Java. I found several ways to do it (BufferedReader, Scanner, Files.readAllLines) but I am not sure which one to use. Can someone suggest the best approach for reading a large text file line by line?</p>",<java><file-io><reading>,2020-11-05,LQ_EDIT
539,MySQL query not returning expected results [39],<p>I have a MySQL query that should return all users who signed up last month but it returns nothing. Here is my query:</p><code>SELECT * FROM users WHERE signup_date > '2024-01-01';</code><p>The table has data. What could be wrong?</p>,<mysql><sql><query>,2020-06-21,LQ_EDIT
1388,code not working,<p>i wrote some code but it doesnt work. can someone fix it for me?</p>,<python>,2020-05-09,LQ_CLOSE
583,CSS flexbox not centering my div,"<p>I am trying to center a div using flexbox but it is not working. Here is my code:</p><code>.container {
  display: flex;
  justify-content: center;
}</code><p>The div still appears on the left side. What am I doing wrong?</p>",<css><flexbox><html><centering>,2020-09-21,LQ_EDIT
981,Git merge conflict - how to resolve? - variant 481,"<p>I got a merge conflict when trying to merge my branch into main. The file shows these markers:</p><code><<<<<<< HEAD
my changes
=======
their changes
>>>>>>> feature-branch</code><p>How do I properly resolve this?</p>",<git><merge-conflict><version-control>,2020-03-26,LQ_EDIT
1340,need project - variant 340,<p>can someone give me a python project for my college assignment? it should be easy and about machine learning</p>,<python><machine-learning><project>,2020-03-15,LQ_CLOSE
3,Efficient way to find duplicates in a large list using Python? [3],"<p>I have a list of approximately 10 million strings and need to find all duplicate entries efficiently. My current approach uses a nested loop which has O(n^2) time complexity and takes too long.</p><p>Current approach:</p><code>duplicates = []
for i in range(len(data)):
    for j in range(i+1, len(data)):
        if data[i] == data[j]:
            duplicates.append(data[i])</code><p>I have considered using a set or dictionary for O(n) lookup. What would be the most memory-efficient approach for this scale of data? Should I consider using pandas or numpy for better performance?</p>",<python><performance><algorithms><duplicates><large-dataset>,2020-02-03,HQ
1149,plz send me the code,<p>i need to make a website. can someone send me the full code? i dont know html</p>,<html><website>,2020-04-08,LQ_CLOSE
294,How to handle CORS errors in a React app calling a REST API? - variant 294,"<p>I am building a React frontend that calls a Node.js Express backend API. When I make fetch requests from my React app (running on localhost:3000) to my API (running on localhost:5000), I get the following error:</p><code>Access to fetch at 'http://localhost:5000/api/data' from origin 'http://localhost:3000' has been blocked by CORS policy</code><p>I have tried adding the cors middleware to my Express server but the error persists. Here is my Express configuration:</p><code>const cors = require('cors');
app.use(cors());</code><p>What am I missing? Is there a way to configure CORS headers properly for both development and production environments?</p>",<javascript><react><cors><express><rest-api>,2020-02-17,HQ
236,Efficient way to find duplicates in a large list using Python? - variant 236,"<p>I have a list of approximately 10 million strings and need to find all duplicate entries efficiently. My current approach uses a nested loop which has O(n^2) time complexity and takes too long.</p><p>Current approach:</p><code>duplicates = []
for i in range(len(data)):
    for j in range(i+1, len(data)):
        if data[i] == data[j]:
            duplicates.append(data[i])</code><p>I have considered using a set or dictionary for O(n) lookup. What would be the most memory-efficient approach for this scale of data? Should I consider using pandas or numpy for better performance?</p>",<python><performance><algorithms><duplicates><large-dataset>,2020-01-09,HQ
85,How to properly implement authentication with JWT tokens in a Node.js API?,"<p>I am building a REST API with Node.js and Express, and I want to implement JWT-based authentication. I have a few concerns about security best practices:</p><p>1. Should I store the JWT in localStorage, sessionStorage, or an HTTP-only cookie?</p><p>2. How should I handle token refresh to maintain user sessions without forcing re-login?</p><p>3. What claims should I include in the payload?</p><p>Here is my current token generation:</p><code>const jwt = require('jsonwebtoken');
const token = jwt.sign({ userId: user.id }, process.env.SECRET, { expiresIn: '1h' });</code><p>Is a 1-hour expiration reasonable? How do I securely implement refresh tokens?</p>",<node.js><jwt><authentication><security><express>,2020-05-22,HQ
1197,code not working (approach 197),<p>i wrote some code but it doesnt work. can someone fix it for me?</p>,<python>,2020-08-11,LQ_CLOSE
1129,python [129],<p>how to learn python fast</p>,<python>,2020-10-20,LQ_CLOSE
862,Docker container exits immediately after starting,<p>My Docker container starts and then immediately exits. I am running:</p><code>docker run my-app</code><p>When I check the logs there is nothing useful. The Dockerfile uses a Python base image. What could cause this behavior?</p>,<docker><container><python>,2020-08-06,LQ_EDIT
400,What is the difference between == and === operators in JavaScript?,"<p>I have been learning JavaScript and encountered both == and === operators. I understand that == checks for equality while === checks for strict equality, but I am confused about when to use each one.</p><p>For example:</p><code>console.log(1 == '1');  // true
console.log(1 === '1'); // false</code><p>Can someone explain the type coercion rules that == follows? Are there any best practices for which one to use in production code?</p>",<javascript><operators><comparison><type-coercion>,2020-10-21,HQ
1185,plz send me the code,<p>i need to make a website. can someone send me the full code? i dont know html</p>,<html><website>,2020-09-04,LQ_CLOSE
429,How does garbage collection work in Java and when does it run?,"<p>I am trying to understand Java's garbage collection mechanism. Specifically, I want to know:</p><p>1. How does the JVM decide which objects are eligible for garbage collection?</p><p>2. What are the different garbage collection algorithms available (Serial, Parallel, G1, ZGC)?</p><p>3. Can I force garbage collection to run, or is it always at the JVM's discretion?</p><p>I have read that calling System.gc() is just a suggestion to the JVM. In a production environment with high memory usage, what GC tuning parameters should I consider?</p>",<java><garbage-collection><jvm><memory-management><performance>,2020-07-13,HQ
1279,plz send me the code,<p>i need to make a website. can someone send me the full code? i dont know html</p>,<html><website>,2020-01-25,LQ_CLOSE
653,Python error: list index out of range [153],"<p>I keep getting an IndexError when I try to access elements in my list. My code loops through a list and tries to access the next element:</p><code>for i in range(len(my_list)):
    print(my_list[i+1])</code><p>Why does this happen and how do I fix it?</p>",<python><error><list><indexerror>,2020-11-19,LQ_EDIT
241,How to implement a binary search tree in Python with O(log n) lookup?,"<p>I am working on a data structures course and need to implement a binary search tree (BST) in Python. I need the tree to support insertion, deletion, and lookup operations with O(log n) average time complexity.</p><p>Here is what I have so far:</p><code>class Node:
    def __init__(self, key):
        self.left = None
        self.right = None
        self.val = key</code><p>How can I implement the lookup method efficiently? I have read about balanced BSTs like AVL trees - would that be necessary for guaranteed O(log n)?</p>",<python><data-structures><binary-search-tree><algorithm>,2020-12-09,HQ
960,How to read a file in Java? [460],"<p>I need to read a text file in Java. I found several ways to do it (BufferedReader, Scanner, Files.readAllLines) but I am not sure which one to use. Can someone suggest the best approach for reading a large text file line by line?</p>",<java><file-io><reading>,2020-10-12,LQ_EDIT
48,How to properly implement authentication with JWT tokens in a Node.js API?,"<p>I am building a REST API with Node.js and Express, and I want to implement JWT-based authentication. I have a few concerns about security best practices:</p><p>1. Should I store the JWT in localStorage, sessionStorage, or an HTTP-only cookie?</p><p>2. How should I handle token refresh to maintain user sessions without forcing re-login?</p><p>3. What claims should I include in the payload?</p><p>Here is my current token generation:</p><code>const jwt = require('jsonwebtoken');
const token = jwt.sign({ userId: user.id }, process.env.SECRET, { expiresIn: '1h' });</code><p>Is a 1-hour expiration reasonable? How do I securely implement refresh tokens?</p>",<node.js><jwt><authentication><security><express>,2020-07-08,HQ
167,Understanding Python decorators with arguments - how do they work internally?,"<p>I understand basic Python decorators, but I am struggling with decorators that accept arguments. For example:</p><code>@my_decorator(arg1, arg2)
def my_function():
    pass</code><p>This seems to involve three levels of nested functions. Can someone break down the execution flow step by step? How does Python handle the difference between @my_decorator and @my_decorator(args)?</p><p>I am particularly confused about how functools.wraps plays into this and why it is recommended. A clear example with the execution order would be very helpful.</p>",<python><decorators><functions><metaprogramming>,2020-06-06,HQ
366,Best practices for database indexing in PostgreSQL for query optimization?,"<p>I have a PostgreSQL database with a table containing about 50 million rows. My queries are becoming slow, especially those with WHERE clauses on multiple columns and JOIN operations.</p><p>Current table structure:</p><code>CREATE TABLE orders (
    id SERIAL PRIMARY KEY,
    customer_id INT,
    product_id INT,
    order_date TIMESTAMP,
    total_amount DECIMAL(10,2),
    status VARCHAR(20)
);</code><p>I frequently query by customer_id, order_date ranges, and status. Should I create composite indexes? What is the impact on INSERT performance? How do I use EXPLAIN ANALYZE to identify bottlenecks?</p>",<postgresql><database><indexing><query-optimization><performance>,2020-05-07,HQ
746,Sort a list in Python - variant 246,"<p>I need to sort a list in Python. I have tried using sort() but it doesn't seem to work for my case. My list contains both numbers and strings.</p><code>my_list = [3, 1, 'apple', 2, 'banana']</code><p>How can I sort this?</p>",<python><sorting><list>,2020-06-01,LQ_EDIT
961,CSS flexbox not centering my div (approach 461),"<p>I am trying to center a div using flexbox but it is not working. Here is my code:</p><code>.container {
  display: flex;
  justify-content: center;
}</code><p>The div still appears on the left side. What am I doing wrong?</p>",<css><flexbox><html><centering>,2020-04-17,LQ_EDIT
1243,urgent!!! need answer now (approach 243),<p>how do i fix this error??? its not working and i need to submit tomorrow. please help urgent</p>,<java>,2020-02-13,LQ_CLOSE
1179,help plz (approach 179),<p>my code doesnt work</p>,<python>,2020-09-05,LQ_CLOSE
59,What is the difference between == and === operators in JavaScript? (approach 59),"<p>I have been learning JavaScript and encountered both == and === operators. I understand that == checks for equality while === checks for strict equality, but I am confused about when to use each one.</p><p>For example:</p><code>console.log(1 == '1');  // true
console.log(1 === '1'); // false</code><p>Can someone explain the type coercion rules that == follows? Are there any best practices for which one to use in production code?</p>",<javascript><operators><comparison><type-coercion>,2020-01-08,HQ
482,How to implement a binary search tree in Python with O(log n) lookup? - variant 482,"<p>I am working on a data structures course and need to implement a binary search tree (BST) in Python. I need the tree to support insertion, deletion, and lookup operations with O(log n) average time complexity.</p><p>Here is what I have so far:</p><code>class Node:
    def __init__(self, key):
        self.left = None
        self.right = None
        self.val = key</code><p>How can I implement the lookup method efficiently? I have read about balanced BSTs like AVL trees - would that be necessary for guaranteed O(log n)?</p>",<python><data-structures><binary-search-tree><algorithm>,2020-07-16,HQ
732,Sort a list in Python (approach 232),"<p>I need to sort a list in Python. I have tried using sort() but it doesn't seem to work for my case. My list contains both numbers and strings.</p><code>my_list = [3, 1, 'apple', 2, 'banana']</code><p>How can I sort this?</p>",<python><sorting><list>,2020-04-26,LQ_EDIT
813,Git merge conflict - how to resolve? [313],"<p>I got a merge conflict when trying to merge my branch into main. The file shows these markers:</p><code><<<<<<< HEAD
my changes
=======
their changes
>>>>>>> feature-branch</code><p>How do I properly resolve this?</p>",<git><merge-conflict><version-control>,2020-02-07,LQ_EDIT
1349,is this good,<p>is my code good?</p>,<code-review>,2020-10-08,LQ_CLOSE
807,MySQL query not returning expected results - variant 307,<p>I have a MySQL query that should return all users who signed up last month but it returns nothing. Here is my query:</p><code>SELECT * FROM users WHERE signup_date > '2024-01-01';</code><p>The table has data. What could be wrong?</p>,<mysql><sql><query>,2020-12-17,LQ_EDIT
799,Git merge conflict - how to resolve? [299],"<p>I got a merge conflict when trying to merge my branch into main. The file shows these markers:</p><code><<<<<<< HEAD
my changes
=======
their changes
>>>>>>> feature-branch</code><p>How do I properly resolve this?</p>",<git><merge-conflict><version-control>,2020-09-22,LQ_EDIT
997,Git merge conflict - how to resolve? - variant 497,"<p>I got a merge conflict when trying to merge my branch into main. The file shows these markers:</p><code><<<<<<< HEAD
my changes
=======
their changes
>>>>>>> feature-branch</code><p>How do I properly resolve this?</p>",<git><merge-conflict><version-control>,2020-03-23,LQ_EDIT
502,How to read a file in Java? (approach 2),"<p>I need to read a text file in Java. I found several ways to do it (BufferedReader, Scanner, Files.readAllLines) but I am not sure which one to use. Can someone suggest the best approach for reading a large text file line by line?</p>",<java><file-io><reading>,2020-03-23,LQ_EDIT
787,Python error: list index out of range,"<p>I keep getting an IndexError when I try to access elements in my list. My code loops through a list and tries to access the next element:</p><code>for i in range(len(my_list)):
    print(my_list[i+1])</code><p>Why does this happen and how do I fix it?</p>",<python><error><list><indexerror>,2020-04-16,LQ_EDIT
722,CSS flexbox not centering my div [222],"<p>I am trying to center a div using flexbox but it is not working. Here is my code:</p><code>.container {
  display: flex;
  justify-content: center;
}</code><p>The div still appears on the left side. What am I doing wrong?</p>",<css><flexbox><html><centering>,2020-02-06,LQ_EDIT
1386,plz send me the code,<p>i need to make a website. can someone send me the full code? i dont know html</p>,<html><website>,2020-05-06,LQ_CLOSE
119,How to implement a binary search tree in Python with O(log n) lookup?,"<p>I am working on a data structures course and need to implement a binary search tree (BST) in Python. I need the tree to support insertion, deletion, and lookup operations with O(log n) average time complexity.</p><p>Here is what I have so far:</p><code>class Node:
    def __init__(self, key):
        self.left = None
        self.right = None
        self.val = key</code><p>How can I implement the lookup method efficiently? I have read about balanced BSTs like AVL trees - would that be necessary for guaranteed O(log n)?</p>",<python><data-structures><binary-search-tree><algorithm>,2020-05-15,HQ
261,How does garbage collection work in Java and when does it run? (approach 261),"<p>I am trying to understand Java's garbage collection mechanism. Specifically, I want to know:</p><p>1. How does the JVM decide which objects are eligible for garbage collection?</p><p>2. What are the different garbage collection algorithms available (Serial, Parallel, G1, ZGC)?</p><p>3. Can I force garbage collection to run, or is it always at the JVM's discretion?</p><p>I have read that calling System.gc() is just a suggestion to the JVM. In a production environment with high memory usage, what GC tuning parameters should I consider?</p>",<java><garbage-collection><jvm><memory-management><performance>,2020-07-22,HQ
245,Best practices for database indexing in PostgreSQL for query optimization?,"<p>I have a PostgreSQL database with a table containing about 50 million rows. My queries are becoming slow, especially those with WHERE clauses on multiple columns and JOIN operations.</p><p>Current table structure:</p><code>CREATE TABLE orders (
    id SERIAL PRIMARY KEY,
    customer_id INT,
    product_id INT,
    order_date TIMESTAMP,
    total_amount DECIMAL(10,2),
    status VARCHAR(20)
);</code><p>I frequently query by customer_id, order_date ranges, and status. Should I create composite indexes? What is the impact on INSERT performance? How do I use EXPLAIN ANALYZE to identify bottlenecks?</p>",<postgresql><database><indexing><query-optimization><performance>,2020-02-17,HQ
1109,plz send me the code,<p>i need to make a website. can someone send me the full code? i dont know html</p>,<html><website>,2020-04-21,LQ_CLOSE
1351,urgent!!! need answer now,<p>how do i fix this error??? its not working and i need to submit tomorrow. please help urgent</p>,<java>,2020-04-27,LQ_CLOSE
1382,is this good (approach 382),<p>is my code good?</p>,<code-review>,2020-07-21,LQ_CLOSE
872,How to read a file in Java?,"<p>I need to read a text file in Java. I found several ways to do it (BufferedReader, Scanner, Files.readAllLines) but I am not sure which one to use. Can someone suggest the best approach for reading a large text file line by line?</p>",<java><file-io><reading>,2020-03-22,LQ_EDIT
86,What is the difference between == and === operators in JavaScript?,"<p>I have been learning JavaScript and encountered both == and === operators. I understand that == checks for equality while === checks for strict equality, but I am confused about when to use each one.</p><p>For example:</p><code>console.log(1 == '1');  // true
console.log(1 === '1'); // false</code><p>Can someone explain the type coercion rules that == follows? Are there any best practices for which one to use in production code?</p>",<javascript><operators><comparison><type-coercion>,2020-09-27,HQ
1391,error,<p>getting an error. why?</p>,,2020-12-28,LQ_CLOSE
124,Best practices for database indexing in PostgreSQL for query optimization? - variant 124,"<p>I have a PostgreSQL database with a table containing about 50 million rows. My queries are becoming slow, especially those with WHERE clauses on multiple columns and JOIN operations.</p><p>Current table structure:</p><code>CREATE TABLE orders (
    id SERIAL PRIMARY KEY,
    customer_id INT,
    product_id INT,
    order_date TIMESTAMP,
    total_amount DECIMAL(10,2),
    status VARCHAR(20)
);</code><p>I frequently query by customer_id, order_date ranges, and status. Should I create composite indexes? What is the impact on INSERT performance? How do I use EXPLAIN ANALYZE to identify bottlenecks?</p>",<postgresql><database><indexing><query-optimization><performance>,2020-09-02,HQ
1367,need project [367],<p>can someone give me a python project for my college assignment? it should be easy and about machine learning</p>,<python><machine-learning><project>,2020-05-22,LQ_CLOSE
808,CSS flexbox not centering my div - variant 308,"<p>I am trying to center a div using flexbox but it is not working. Here is my code:</p><code>.container {
  display: flex;
  justify-content: center;
}</code><p>The div still appears on the left side. What am I doing wrong?</p>",<css><flexbox><html><centering>,2020-01-18,LQ_EDIT
547,MySQL query not returning expected results,<p>I have a MySQL query that should return all users who signed up last month but it returns nothing. Here is my query:</p><code>SELECT * FROM users WHERE signup_date > '2024-01-01';</code><p>The table has data. What could be wrong?</p>,<mysql><sql><query>,2020-07-21,LQ_EDIT
175,How to handle CORS errors in a React app calling a REST API? (approach 175),"<p>I am building a React frontend that calls a Node.js Express backend API. When I make fetch requests from my React app (running on localhost:3000) to my API (running on localhost:5000), I get the following error:</p><code>Access to fetch at 'http://localhost:5000/api/data' from origin 'http://localhost:3000' has been blocked by CORS policy</code><p>I have tried adding the cors middleware to my Express server but the error persists. Here is my Express configuration:</p><code>const cors = require('cors');
app.use(cors());</code><p>What am I missing? Is there a way to configure CORS headers properly for both development and production environments?</p>",<javascript><react><cors><express><rest-api>,2020-08-06,HQ
879,React component not re-rendering when state changes [379],"<p>My React component is not re-rendering when I update the state. I am using useState but the UI does not reflect the change.</p><code>const [items, setItems] = useState([1,2,3]);
items.push(4);
setItems(items);</code><p>Why is the component not updating?</p>",<react><state><re-render><hooks>,2020-03-04,LQ_EDIT
1335,plz send me the code - variant 335,<p>i need to make a website. can someone send me the full code? i dont know html</p>,<html><website>,2020-11-19,LQ_CLOSE
1373,error,<p>getting an error. why?</p>,,2020-02-16,LQ_CLOSE
974,React component not re-rendering when state changes - variant 474,"<p>My React component is not re-rendering when I update the state. I am using useState but the UI does not reflect the change.</p><code>const [items, setItems] = useState([1,2,3]);
items.push(4);
setItems(items);</code><p>Why is the component not updating?</p>",<react><state><re-render><hooks>,2020-02-04,LQ_EDIT
1146,is this good,<p>is my code good?</p>,<code-review>,2020-03-11,LQ_CLOSE
177,Understanding Python decorators with arguments - how do they work internally? (approach 177),"<p>I understand basic Python decorators, but I am struggling with decorators that accept arguments. For example:</p><code>@my_decorator(arg1, arg2)
def my_function():
    pass</code><p>This seems to involve three levels of nested functions. Can someone break down the execution flow step by step? How does Python handle the difference between @my_decorator and @my_decorator(args)?</p><p>I am particularly confused about how functools.wraps plays into this and why it is recommended. A clear example with the execution order would be very helpful.</p>",<python><decorators><functions><metaprogramming>,2020-06-18,HQ
900,How to read a file in Java?,"<p>I need to read a text file in Java. I found several ways to do it (BufferedReader, Scanner, Files.readAllLines) but I am not sure which one to use. Can someone suggest the best approach for reading a large text file line by line?</p>",<java><file-io><reading>,2020-09-07,LQ_EDIT
575,How to read a file in Java? (approach 75),"<p>I need to read a text file in Java. I found several ways to do it (BufferedReader, Scanner, Files.readAllLines) but I am not sure which one to use. Can someone suggest the best approach for reading a large text file line by line?</p>",<java><file-io><reading>,2020-04-04,LQ_EDIT
845,Docker container exits immediately after starting - variant 345,<p>My Docker container starts and then immediately exits. I am running:</p><code>docker run my-app</code><p>When I check the logs there is nothing useful. The Dockerfile uses a Python base image. What could cause this behavior?</p>,<docker><container><python>,2020-02-01,LQ_EDIT
76,Efficient way to find duplicates in a large list using Python?,"<p>I have a list of approximately 10 million strings and need to find all duplicate entries efficiently. My current approach uses a nested loop which has O(n^2) time complexity and takes too long.</p><p>Current approach:</p><code>duplicates = []
for i in range(len(data)):
    for j in range(i+1, len(data)):
        if data[i] == data[j]:
            duplicates.append(data[i])</code><p>I have considered using a set or dictionary for O(n) lookup. What would be the most memory-efficient approach for this scale of data? Should I consider using pandas or numpy for better performance?</p>",<python><performance><algorithms><duplicates><large-dataset>,2020-07-15,HQ
926,Sort a list in Python - variant 426,"<p>I need to sort a list in Python. I have tried using sort() but it doesn't seem to work for my case. My list contains both numbers and strings.</p><code>my_list = [3, 1, 'apple', 2, 'banana']</code><p>How can I sort this?</p>",<python><sorting><list>,2020-05-18,LQ_EDIT
483,How to implement a binary search tree in Python with O(log n) lookup?,"<p>I am working on a data structures course and need to implement a binary search tree (BST) in Python. I need the tree to support insertion, deletion, and lookup operations with O(log n) average time complexity.</p><p>Here is what I have so far:</p><code>class Node:
    def __init__(self, key):
        self.left = None
        self.right = None
        self.val = key</code><p>How can I implement the lookup method efficiently? I have read about balanced BSTs like AVL trees - would that be necessary for guaranteed O(log n)?</p>",<python><data-structures><binary-search-tree><algorithm>,2020-02-23,HQ
1070,urgent!!! need answer now - variant 70,<p>how do i fix this error??? its not working and i need to submit tomorrow. please help urgent</p>,<java>,2020-06-04,LQ_CLOSE
526,CSS flexbox not centering my div (approach 26),"<p>I am trying to center a div using flexbox but it is not working. Here is my code:</p><code>.container {
  display: flex;
  justify-content: center;
}</code><p>The div still appears on the left side. What am I doing wrong?</p>",<css><flexbox><html><centering>,2020-09-03,LQ_EDIT
549,MySQL query not returning expected results,<p>I have a MySQL query that should return all users who signed up last month but it returns nothing. Here is my query:</p><code>SELECT * FROM users WHERE signup_date > '2024-01-01';</code><p>The table has data. What could be wrong?</p>,<mysql><sql><query>,2020-03-26,LQ_EDIT
771,CSS flexbox not centering my div [271],"<p>I am trying to center a div using flexbox but it is not working. Here is my code:</p><code>.container {
  display: flex;
  justify-content: center;
}</code><p>The div still appears on the left side. What am I doing wrong?</p>",<css><flexbox><html><centering>,2020-06-07,LQ_EDIT
301,How to properly implement authentication with JWT tokens in a Node.js API? (approach 301),"<p>I am building a REST API with Node.js and Express, and I want to implement JWT-based authentication. I have a few concerns about security best practices:</p><p>1. Should I store the JWT in localStorage, sessionStorage, or an HTTP-only cookie?</p><p>2. How should I handle token refresh to maintain user sessions without forcing re-login?</p><p>3. What claims should I include in the payload?</p><p>Here is my current token generation:</p><code>const jwt = require('jsonwebtoken');
const token = jwt.sign({ userId: user.id }, process.env.SECRET, { expiresIn: '1h' });</code><p>Is a 1-hour expiration reasonable? How do I securely implement refresh tokens?</p>",<node.js><jwt><authentication><security><express>,2020-11-18,HQ
819,Sort a list in Python - variant 319,"<p>I need to sort a list in Python. I have tried using sort() but it doesn't seem to work for my case. My list contains both numbers and strings.</p><code>my_list = [3, 1, 'apple', 2, 'banana']</code><p>How can I sort this?</p>",<python><sorting><list>,2020-06-05,LQ_EDIT
1223,HEEELP - variant 223,<p>nothing works!!!</p>,,2020-04-15,LQ_CLOSE
385,What is the difference between == and === operators in JavaScript?,"<p>I have been learning JavaScript and encountered both == and === operators. I understand that == checks for equality while === checks for strict equality, but I am confused about when to use each one.</p><p>For example:</p><code>console.log(1 == '1');  // true
console.log(1 === '1'); // false</code><p>Can someone explain the type coercion rules that == follows? Are there any best practices for which one to use in production code?</p>",<javascript><operators><comparison><type-coercion>,2020-05-20,HQ
185,How to handle CORS errors in a React app calling a REST API? [185],"<p>I am building a React frontend that calls a Node.js Express backend API. When I make fetch requests from my React app (running on localhost:3000) to my API (running on localhost:5000), I get the following error:</p><code>Access to fetch at 'http://localhost:5000/api/data' from origin 'http://localhost:3000' has been blocked by CORS policy</code><p>I have tried adding the cors middleware to my Express server but the error persists. Here is my Express configuration:</p><code>const cors = require('cors');
app.use(cors());</code><p>What am I missing? Is there a way to configure CORS headers properly for both development and production environments?</p>",<javascript><react><cors><express><rest-api>,2020-12-11,HQ
802,MySQL query not returning expected results [302],<p>I have a MySQL query that should return all users who signed up last month but it returns nothing. Here is my query:</p><code>SELECT * FROM users WHERE signup_date > '2024-01-01';</code><p>The table has data. What could be wrong?</p>,<mysql><sql><query>,2020-12-14,LQ_EDIT
544,CSS flexbox not centering my div,"<p>I am trying to center a div using flexbox but it is not working. Here is my code:</p><code>.container {
  display: flex;
  justify-content: center;
}</code><p>The div still appears on the left side. What am I doing wrong?</p>",<css><flexbox><html><centering>,2020-10-10,LQ_EDIT
869,React component not re-rendering when state changes - variant 369,"<p>My React component is not re-rendering when I update the state. I am using useState but the UI does not reflect the change.</p><code>const [items, setItems] = useState([1,2,3]);
items.push(4);
setItems(items);</code><p>Why is the component not updating?</p>",<react><state><re-render><hooks>,2020-12-01,LQ_EDIT
774,React component not re-rendering when state changes - variant 274,"<p>My React component is not re-rendering when I update the state. I am using useState but the UI does not reflect the change.</p><code>const [items, setItems] = useState([1,2,3]);
items.push(4);
setItems(items);</code><p>Why is the component not updating?</p>",<react><state><re-render><hooks>,2020-09-13,LQ_EDIT
136,What is the difference between == and === operators in JavaScript?,"<p>I have been learning JavaScript and encountered both == and === operators. I understand that == checks for equality while === checks for strict equality, but I am confused about when to use each one.</p><p>For example:</p><code>console.log(1 == '1');  // true
console.log(1 === '1'); // false</code><p>Can someone explain the type coercion rules that == follows? Are there any best practices for which one to use in production code?</p>",<javascript><operators><comparison><type-coercion>,2020-02-08,HQ
1122,HEEELP (approach 122),<p>nothing works!!!</p>,,2020-06-14,LQ_CLOSE
169,How does garbage collection work in Java and when does it run? [169],"<p>I am trying to understand Java's garbage collection mechanism. Specifically, I want to know:</p><p>1. How does the JVM decide which objects are eligible for garbage collection?</p><p>2. What are the different garbage collection algorithms available (Serial, Parallel, G1, ZGC)?</p><p>3. Can I force garbage collection to run, or is it always at the JVM's discretion?</p><p>I have read that calling System.gc() is just a suggestion to the JVM. In a production environment with high memory usage, what GC tuning parameters should I consider?</p>",<java><garbage-collection><jvm><memory-management><performance>,2020-08-20,HQ
1393,plz send me the code,<p>i need to make a website. can someone send me the full code? i dont know html</p>,<html><website>,2020-01-28,LQ_CLOSE
168,How to properly implement authentication with JWT tokens in a Node.js API? (approach 168),"<p>I am building a REST API with Node.js and Express, and I want to implement JWT-based authentication. I have a few concerns about security best practices:</p><p>1. Should I store the JWT in localStorage, sessionStorage, or an HTTP-only cookie?</p><p>2. How should I handle token refresh to maintain user sessions without forcing re-login?</p><p>3. What claims should I include in the payload?</p><p>Here is my current token generation:</p><code>const jwt = require('jsonwebtoken');
const token = jwt.sign({ userId: user.id }, process.env.SECRET, { expiresIn: '1h' });</code><p>Is a 1-hour expiration reasonable? How do I securely implement refresh tokens?</p>",<node.js><jwt><authentication><security><express>,2020-07-20,HQ
496,How to implement a binary search tree in Python with O(log n) lookup?,"<p>I am working on a data structures course and need to implement a binary search tree (BST) in Python. I need the tree to support insertion, deletion, and lookup operations with O(log n) average time complexity.</p><p>Here is what I have so far:</p><code>class Node:
    def __init__(self, key):
        self.left = None
        self.right = None
        self.val = key</code><p>How can I implement the lookup method efficiently? I have read about balanced BSTs like AVL trees - would that be necessary for guaranteed O(log n)?</p>",<python><data-structures><binary-search-tree><algorithm>,2020-08-10,HQ
1115,what?,<p>what is the difference?</p>,,2020-01-09,LQ_CLOSE
1128,is this good (approach 128),<p>is my code good?</p>,<code-review>,2020-02-24,LQ_CLOSE
0,What is the difference between == and === operators in JavaScript? (approach 0),"<p>I have been learning JavaScript and encountered both == and === operators. I understand that == checks for equality while === checks for strict equality, but I am confused about when to use each one.</p><p>For example:</p><code>console.log(1 == '1');  // true
console.log(1 === '1'); // false</code><p>Can someone explain the type coercion rules that == follows? Are there any best practices for which one to use in production code?</p>",<javascript><operators><comparison><type-coercion>,2020-12-09,HQ
120,Understanding Python decorators with arguments - how do they work internally?,"<p>I understand basic Python decorators, but I am struggling with decorators that accept arguments. For example:</p><code>@my_decorator(arg1, arg2)
def my_function():
    pass</code><p>This seems to involve three levels of nested functions. Can someone break down the execution flow step by step? How does Python handle the difference between @my_decorator and @my_decorator(args)?</p><p>I am particularly confused about how functools.wraps plays into this and why it is recommended. A clear example with the execution order would be very helpful.</p>",<python><decorators><functions><metaprogramming>,2020-02-03,HQ
298,How to implement a binary search tree in Python with O(log n) lookup? - variant 298,"<p>I am working on a data structures course and need to implement a binary search tree (BST) in Python. I need the tree to support insertion, deletion, and lookup operations with O(log n) average time complexity.</p><p>Here is what I have so far:</p><code>class Node:
    def __init__(self, key):
        self.left = None
        self.right = None
        self.val = key</code><p>How can I implement the lookup method efficiently? I have read about balanced BSTs like AVL trees - would that be necessary for guaranteed O(log n)?</p>",<python><data-structures><binary-search-tree><algorithm>,2020-08-13,HQ
276,Understanding Python decorators with arguments - how do they work internally?,"<p>I understand basic Python decorators, but I am struggling with decorators that accept arguments. For example:</p><code>@my_decorator(arg1, arg2)
def my_function():
    pass</code><p>This seems to involve three levels of nested functions. Can someone break down the execution flow step by step? How does Python handle the difference between @my_decorator and @my_decorator(args)?</p><p>I am particularly confused about how functools.wraps plays into this and why it is recommended. A clear example with the execution order would be very helpful.</p>",<python><decorators><functions><metaprogramming>,2020-01-28,HQ
1471,plz send me the code,<p>i need to make a website. can someone send me the full code? i dont know html</p>,<html><website>,2020-09-01,LQ_CLOSE
658,CSS flexbox not centering my div,"<p>I am trying to center a div using flexbox but it is not working. Here is my code:</p><code>.container {
  display: flex;
  justify-content: center;
}</code><p>The div still appears on the left side. What am I doing wrong?</p>",<css><flexbox><html><centering>,2020-08-20,LQ_EDIT
1426,urgent!!! need answer now,<p>how do i fix this error??? its not working and i need to submit tomorrow. please help urgent</p>,<java>,2020-04-09,LQ_CLOSE
19,How to implement a binary search tree in Python with O(log n) lookup? [19],"<p>I am working on a data structures course and need to implement a binary search tree (BST) in Python. I need the tree to support insertion, deletion, and lookup operations with O(log n) average time complexity.</p><p>Here is what I have so far:</p><code>class Node:
    def __init__(self, key):
        self.left = None
        self.right = None
        self.val = key</code><p>How can I implement the lookup method efficiently? I have read about balanced BSTs like AVL trees - would that be necessary for guaranteed O(log n)?</p>",<python><data-structures><binary-search-tree><algorithm>,2020-02-17,HQ
712,Python error: list index out of range (approach 212),"<p>I keep getting an IndexError when I try to access elements in my list. My code loops through a list and tries to access the next element:</p><code>for i in range(len(my_list)):
    print(my_list[i+1])</code><p>Why does this happen and how do I fix it?</p>",<python><error><list><indexerror>,2020-05-13,LQ_EDIT
943,Docker container exits immediately after starting,<p>My Docker container starts and then immediately exits. I am running:</p><code>docker run my-app</code><p>When I check the logs there is nothing useful. The Dockerfile uses a Python base image. What could cause this behavior?</p>,<docker><container><python>,2020-01-02,LQ_EDIT
351,Understanding Python decorators with arguments - how do they work internally? - variant 351,"<p>I understand basic Python decorators, but I am struggling with decorators that accept arguments. For example:</p><code>@my_decorator(arg1, arg2)
def my_function():
    pass</code><p>This seems to involve three levels of nested functions. Can someone break down the execution flow step by step? How does Python handle the difference between @my_decorator and @my_decorator(args)?</p><p>I am particularly confused about how functools.wraps plays into this and why it is recommended. A clear example with the execution order would be very helpful.</p>",<python><decorators><functions><metaprogramming>,2020-03-07,HQ
1456,how to hack wifi - variant 456,<p>how can i hack my neighbors wifi password using python??</p>,<python><wifi><hacking>,2020-02-10,LQ_CLOSE
557,Sort a list in Python [57],"<p>I need to sort a list in Python. I have tried using sort() but it doesn't seem to work for my case. My list contains both numbers and strings.</p><code>my_list = [3, 1, 'apple', 2, 'banana']</code><p>How can I sort this?</p>",<python><sorting><list>,2020-07-11,LQ_EDIT
150,How to handle CORS errors in a React app calling a REST API? - variant 150,"<p>I am building a React frontend that calls a Node.js Express backend API. When I make fetch requests from my React app (running on localhost:3000) to my API (running on localhost:5000), I get the following error:</p><code>Access to fetch at 'http://localhost:5000/api/data' from origin 'http://localhost:3000' has been blocked by CORS policy</code><p>I have tried adding the cors middleware to my Express server but the error persists. Here is my Express configuration:</p><code>const cors = require('cors');
app.use(cors());</code><p>What am I missing? Is there a way to configure CORS headers properly for both development and production environments?</p>",<javascript><react><cors><express><rest-api>,2020-02-10,HQ
1041,error (approach 41),<p>getting an error. why?</p>,,2020-12-14,LQ_CLOSE
393,How to properly implement authentication with JWT tokens in a Node.js API?,"<p>I am building a REST API with Node.js and Express, and I want to implement JWT-based authentication. I have a few concerns about security best practices:</p><p>1. Should I store the JWT in localStorage, sessionStorage, or an HTTP-only cookie?</p><p>2. How should I handle token refresh to maintain user sessions without forcing re-login?</p><p>3. What claims should I include in the payload?</p><p>Here is my current token generation:</p><code>const jwt = require('jsonwebtoken');
const token = jwt.sign({ userId: user.id }, process.env.SECRET, { expiresIn: '1h' });</code><p>Is a 1-hour expiration reasonable? How do I securely implement refresh tokens?</p>",<node.js><jwt><authentication><security><express>,2020-08-26,HQ
1176,urgent!!! need answer now - variant 176,<p>how do i fix this error??? its not working and i need to submit tomorrow. please help urgent</p>,<java>,2020-03-08,LQ_CLOSE
1285,urgent!!! need answer now (approach 285),<p>how do i fix this error??? its not working and i need to submit tomorrow. please help urgent</p>,<java>,2020-07-17,LQ_CLOSE
1237,is this good,<p>is my code good?</p>,<code-review>,2020-08-06,LQ_CLOSE
30,What is the difference between == and === operators in JavaScript? - variant 30,"<p>I have been learning JavaScript and encountered both == and === operators. I understand that == checks for equality while === checks for strict equality, but I am confused about when to use each one.</p><p>For example:</p><code>console.log(1 == '1');  // true
console.log(1 === '1'); // false</code><p>Can someone explain the type coercion rules that == follows? Are there any best practices for which one to use in production code?</p>",<javascript><operators><comparison><type-coercion>,2020-06-10,HQ
983,CSS flexbox not centering my div (approach 483),"<p>I am trying to center a div using flexbox but it is not working. Here is my code:</p><code>.container {
  display: flex;
  justify-content: center;
}</code><p>The div still appears on the left side. What am I doing wrong?</p>",<css><flexbox><html><centering>,2020-04-27,LQ_EDIT
560,How to read a file in Java? [60],"<p>I need to read a text file in Java. I found several ways to do it (BufferedReader, Scanner, Files.readAllLines) but I am not sure which one to use. Can someone suggest the best approach for reading a large text file line by line?</p>",<java><file-io><reading>,2020-03-20,LQ_EDIT
1291,how to hack wifi (approach 291),<p>how can i hack my neighbors wifi password using python??</p>,<python><wifi><hacking>,2020-03-19,LQ_CLOSE
843,Python error: list index out of range,"<p>I keep getting an IndexError when I try to access elements in my list. My code loops through a list and tries to access the next element:</p><code>for i in range(len(my_list)):
    print(my_list[i+1])</code><p>Why does this happen and how do I fix it?</p>",<python><error><list><indexerror>,2020-12-18,LQ_EDIT
262,How to properly implement authentication with JWT tokens in a Node.js API?,"<p>I am building a REST API with Node.js and Express, and I want to implement JWT-based authentication. I have a few concerns about security best practices:</p><p>1. Should I store the JWT in localStorage, sessionStorage, or an HTTP-only cookie?</p><p>2. How should I handle token refresh to maintain user sessions without forcing re-login?</p><p>3. What claims should I include in the payload?</p><p>Here is my current token generation:</p><code>const jwt = require('jsonwebtoken');
const token = jwt.sign({ userId: user.id }, process.env.SECRET, { expiresIn: '1h' });</code><p>Is a 1-hour expiration reasonable? How do I securely implement refresh tokens?</p>",<node.js><jwt><authentication><security><express>,2020-02-15,HQ
138,Best practices for database indexing in PostgreSQL for query optimization? [138],"<p>I have a PostgreSQL database with a table containing about 50 million rows. My queries are becoming slow, especially those with WHERE clauses on multiple columns and JOIN operations.</p><p>Current table structure:</p><code>CREATE TABLE orders (
    id SERIAL PRIMARY KEY,
    customer_id INT,
    product_id INT,
    order_date TIMESTAMP,
    total_amount DECIMAL(10,2),
    status VARCHAR(20)
);</code><p>I frequently query by customer_id, order_date ranges, and status. Should I create composite indexes? What is the impact on INSERT performance? How do I use EXPLAIN ANALYZE to identify bottlenecks?</p>",<postgresql><database><indexing><query-optimization><performance>,2020-12-27,HQ
1083,how to hack wifi [83],<p>how can i hack my neighbors wifi password using python??</p>,<python><wifi><hacking>,2020-03-19,LQ_CLOSE
23,What is the difference between == and === operators in JavaScript? (approach 23),"<p>I have been learning JavaScript and encountered both == and === operators. I understand that == checks for equality while === checks for strict equality, but I am confused about when to use each one.</p><p>For example:</p><code>console.log(1 == '1');  // true
console.log(1 === '1'); // false</code><p>Can someone explain the type coercion rules that == follows? Are there any best practices for which one to use in production code?</p>",<javascript><operators><comparison><type-coercion>,2020-11-18,HQ
1267,error (approach 267),<p>getting an error. why?</p>,,2020-12-04,LQ_CLOSE
1043,error,<p>getting an error. why?</p>,,2020-03-07,LQ_CLOSE
100,Understanding Python decorators with arguments - how do they work internally? [100],"<p>I understand basic Python decorators, but I am struggling with decorators that accept arguments. For example:</p><code>@my_decorator(arg1, arg2)
def my_function():
    pass</code><p>This seems to involve three levels of nested functions. Can someone break down the execution flow step by step? How does Python handle the difference between @my_decorator and @my_decorator(args)?</p><p>I am particularly confused about how functools.wraps plays into this and why it is recommended. A clear example with the execution order would be very helpful.</p>",<python><decorators><functions><metaprogramming>,2020-08-09,HQ
976,CSS flexbox not centering my div (approach 476),"<p>I am trying to center a div using flexbox but it is not working. Here is my code:</p><code>.container {
  display: flex;
  justify-content: center;
}</code><p>The div still appears on the left side. What am I doing wrong?</p>",<css><flexbox><html><centering>,2020-09-26,LQ_EDIT
1108,python [108],<p>how to learn python fast</p>,<python>,2020-10-13,LQ_CLOSE
488,How to handle CORS errors in a React app calling a REST API? [488],"<p>I am building a React frontend that calls a Node.js Express backend API. When I make fetch requests from my React app (running on localhost:3000) to my API (running on localhost:5000), I get the following error:</p><code>Access to fetch at 'http://localhost:5000/api/data' from origin 'http://localhost:3000' has been blocked by CORS policy</code><p>I have tried adding the cors middleware to my Express server but the error persists. Here is my Express configuration:</p><code>const cors = require('cors');
app.use(cors());</code><p>What am I missing? Is there a way to configure CORS headers properly for both development and production environments?</p>",<javascript><react><cors><express><rest-api>,2020-04-11,HQ
371,Efficient way to find duplicates in a large list using Python?,"<p>I have a list of approximately 10 million strings and need to find all duplicate entries efficiently. My current approach uses a nested loop which has O(n^2) time complexity and takes too long.</p><p>Current approach:</p><code>duplicates = []
for i in range(len(data)):
    for j in range(i+1, len(data)):
        if data[i] == data[j]:
            duplicates.append(data[i])</code><p>I have considered using a set or dictionary for O(n) lookup. What would be the most memory-efficient approach for this scale of data? Should I consider using pandas or numpy for better performance?</p>",<python><performance><algorithms><duplicates><large-dataset>,2020-11-26,HQ
666,Sort a list in Python [166],"<p>I need to sort a list in Python. I have tried using sort() but it doesn't seem to work for my case. My list contains both numbers and strings.</p><code>my_list = [3, 1, 'apple', 2, 'banana']</code><p>How can I sort this?</p>",<python><sorting><list>,2020-05-04,LQ_EDIT
459,How to properly implement authentication with JWT tokens in a Node.js API?,"<p>I am building a REST API with Node.js and Express, and I want to implement JWT-based authentication. I have a few concerns about security best practices:</p><p>1. Should I store the JWT in localStorage, sessionStorage, or an HTTP-only cookie?</p><p>2. How should I handle token refresh to maintain user sessions without forcing re-login?</p><p>3. What claims should I include in the payload?</p><p>Here is my current token generation:</p><code>const jwt = require('jsonwebtoken');
const token = jwt.sign({ userId: user.id }, process.env.SECRET, { expiresIn: '1h' });</code><p>Is a 1-hour expiration reasonable? How do I securely implement refresh tokens?</p>",<node.js><jwt><authentication><security><express>,2020-06-20,HQ
777,Git merge conflict - how to resolve?,"<p>I got a merge conflict when trying to merge my branch into main. The file shows these markers:</p><code><<<<<<< HEAD
my changes
=======
their changes
>>>>>>> feature-branch</code><p>How do I properly resolve this?</p>",<git><merge-conflict><version-control>,2020-08-06,LQ_EDIT
621,How to read a file in Java?,"<p>I need to read a text file in Java. I found several ways to do it (BufferedReader, Scanner, Files.readAllLines) but I am not sure which one to use. Can someone suggest the best approach for reading a large text file line by line?</p>",<java><file-io><reading>,2020-09-20,LQ_EDIT
165,Efficient way to find duplicates in a large list using Python? (approach 165),"<p>I have a list of approximately 10 million strings and need to find all duplicate entries efficiently. My current approach uses a nested loop which has O(n^2) time complexity and takes too long.</p><p>Current approach:</p><code>duplicates = []
for i in range(len(data)):
    for j in range(i+1, len(data)):
        if data[i] == data[j]:
            duplicates.append(data[i])</code><p>I have considered using a set or dictionary for O(n) lookup. What would be the most memory-efficient approach for this scale of data? Should I consider using pandas or numpy for better performance?</p>",<python><performance><algorithms><duplicates><large-dataset>,2020-04-02,HQ
1464,is this good,<p>is my code good?</p>,<code-review>,2020-05-07,LQ_CLOSE
1112,help plz [112],<p>my code doesnt work</p>,<python>,2020-04-15,LQ_CLOSE
640,MySQL query not returning expected results,<p>I have a MySQL query that should return all users who signed up last month but it returns nothing. Here is my query:</p><code>SELECT * FROM users WHERE signup_date > '2024-01-01';</code><p>The table has data. What could be wrong?</p>,<mysql><sql><query>,2020-08-21,LQ_EDIT
1054,HEEELP,<p>nothing works!!!</p>,,2020-09-24,LQ_CLOSE
509,Git merge conflict - how to resolve?,"<p>I got a merge conflict when trying to merge my branch into main. The file shows these markers:</p><code><<<<<<< HEAD
my changes
=======
their changes
>>>>>>> feature-branch</code><p>How do I properly resolve this?</p>",<git><merge-conflict><version-control>,2020-03-09,LQ_EDIT
172,How to implement a binary search tree in Python with O(log n) lookup?,"<p>I am working on a data structures course and need to implement a binary search tree (BST) in Python. I need the tree to support insertion, deletion, and lookup operations with O(log n) average time complexity.</p><p>Here is what I have so far:</p><code>class Node:
    def __init__(self, key):
        self.left = None
        self.right = None
        self.val = key</code><p>How can I implement the lookup method efficiently? I have read about balanced BSTs like AVL trees - would that be necessary for guaranteed O(log n)?</p>",<python><data-structures><binary-search-tree><algorithm>,2020-03-22,HQ
564,How to read a file in Java?,"<p>I need to read a text file in Java. I found several ways to do it (BufferedReader, Scanner, Files.readAllLines) but I am not sure which one to use. Can someone suggest the best approach for reading a large text file line by line?</p>",<java><file-io><reading>,2020-09-25,LQ_EDIT
942,Python error: list index out of range,"<p>I keep getting an IndexError when I try to access elements in my list. My code loops through a list and tries to access the next element:</p><code>for i in range(len(my_list)):
    print(my_list[i+1])</code><p>Why does this happen and how do I fix it?</p>",<python><error><list><indexerror>,2020-04-03,LQ_EDIT
1453,what?,<p>what is the difference?</p>,,2020-10-20,LQ_CLOSE
315,Understanding Python decorators with arguments - how do they work internally? (approach 315),"<p>I understand basic Python decorators, but I am struggling with decorators that accept arguments. For example:</p><code>@my_decorator(arg1, arg2)
def my_function():
    pass</code><p>This seems to involve three levels of nested functions. Can someone break down the execution flow step by step? How does Python handle the difference between @my_decorator and @my_decorator(args)?</p><p>I am particularly confused about how functools.wraps plays into this and why it is recommended. A clear example with the execution order would be very helpful.</p>",<python><decorators><functions><metaprogramming>,2020-10-04,HQ
953,Git merge conflict - how to resolve? - variant 453,"<p>I got a merge conflict when trying to merge my branch into main. The file shows these markers:</p><code><<<<<<< HEAD
my changes
=======
their changes
>>>>>>> feature-branch</code><p>How do I properly resolve this?</p>",<git><merge-conflict><version-control>,2020-10-04,LQ_EDIT
556,Sort a list in Python,"<p>I need to sort a list in Python. I have tried using sort() but it doesn't seem to work for my case. My list contains both numbers and strings.</p><code>my_list = [3, 1, 'apple', 2, 'banana']</code><p>How can I sort this?</p>",<python><sorting><list>,2020-10-19,LQ_EDIT
1055,plz send me the code,<p>i need to make a website. can someone send me the full code? i dont know html</p>,<html><website>,2020-12-06,LQ_CLOSE
717,Sort a list in Python,"<p>I need to sort a list in Python. I have tried using sort() but it doesn't seem to work for my case. My list contains both numbers and strings.</p><code>my_list = [3, 1, 'apple', 2, 'banana']</code><p>How can I sort this?</p>",<python><sorting><list>,2020-09-07,LQ_EDIT
1057,code not working,<p>i wrote some code but it doesnt work. can someone fix it for me?</p>,<python>,2020-06-11,LQ_CLOSE
1172,urgent!!! need answer now,<p>how do i fix this error??? its not working and i need to submit tomorrow. please help urgent</p>,<java>,2020-03-17,LQ_CLOSE
904,Python error: list index out of range [404],"<p>I keep getting an IndexError when I try to access elements in my list. My code loops through a list and tries to access the next element:</p><code>for i in range(len(my_list)):
    print(my_list[i+1])</code><p>Why does this happen and how do I fix it?</p>",<python><error><list><indexerror>,2020-02-25,LQ_EDIT
1466,HEEELP,<p>nothing works!!!</p>,,2020-04-17,LQ_CLOSE
304,How to handle CORS errors in a React app calling a REST API? (approach 304),"<p>I am building a React frontend that calls a Node.js Express backend API. When I make fetch requests from my React app (running on localhost:3000) to my API (running on localhost:5000), I get the following error:</p><code>Access to fetch at 'http://localhost:5000/api/data' from origin 'http://localhost:3000' has been blocked by CORS policy</code><p>I have tried adding the cors middleware to my Express server but the error persists. Here is my Express configuration:</p><code>const cors = require('cors');
app.use(cors());</code><p>What am I missing? Is there a way to configure CORS headers properly for both development and production environments?</p>",<javascript><react><cors><express><rest-api>,2020-03-16,HQ
1163,plz send me the code - variant 163,<p>i need to make a website. can someone send me the full code? i dont know html</p>,<html><website>,2020-01-12,LQ_CLOSE
1317,urgent!!! need answer now - variant 317,<p>how do i fix this error??? its not working and i need to submit tomorrow. please help urgent</p>,<java>,2020-08-15,LQ_CLOSE
524,Sort a list in Python,"<p>I need to sort a list in Python. I have tried using sort() but it doesn't seem to work for my case. My list contains both numbers and strings.</p><code>my_list = [3, 1, 'apple', 2, 'banana']</code><p>How can I sort this?</p>",<python><sorting><list>,2020-05-26,LQ_EDIT
917,CSS flexbox not centering my div - variant 417,"<p>I am trying to center a div using flexbox but it is not working. Here is my code:</p><code>.container {
  display: flex;
  justify-content: center;
}</code><p>The div still appears on the left side. What am I doing wrong?</p>",<css><flexbox><html><centering>,2020-10-28,LQ_EDIT
1195,urgent!!! need answer now,<p>how do i fix this error??? its not working and i need to submit tomorrow. please help urgent</p>,<java>,2020-10-10,LQ_CLOSE
250,How to handle CORS errors in a React app calling a REST API?,"<p>I am building a React frontend that calls a Node.js Express backend API. When I make fetch requests from my React app (running on localhost:3000) to my API (running on localhost:5000), I get the following error:</p><code>Access to fetch at 'http://localhost:5000/api/data' from origin 'http://localhost:3000' has been blocked by CORS policy</code><p>I have tried adding the cors middleware to my Express server but the error persists. Here is my Express configuration:</p><code>const cors = require('cors');
app.use(cors());</code><p>What am I missing? Is there a way to configure CORS headers properly for both development and production environments?</p>",<javascript><react><cors><express><rest-api>,2020-11-13,HQ
219,How to handle CORS errors in a React app calling a REST API?,"<p>I am building a React frontend that calls a Node.js Express backend API. When I make fetch requests from my React app (running on localhost:3000) to my API (running on localhost:5000), I get the following error:</p><code>Access to fetch at 'http://localhost:5000/api/data' from origin 'http://localhost:3000' has been blocked by CORS policy</code><p>I have tried adding the cors middleware to my Express server but the error persists. Here is my Express configuration:</p><code>const cors = require('cors');
app.use(cors());</code><p>What am I missing? Is there a way to configure CORS headers properly for both development and production environments?</p>",<javascript><react><cors><express><rest-api>,2020-07-15,HQ
1280,help plz,<p>my code doesnt work</p>,<python>,2020-05-12,LQ_CLOSE
78,How to implement a binary search tree in Python with O(log n) lookup?,"<p>I am working on a data structures course and need to implement a binary search tree (BST) in Python. I need the tree to support insertion, deletion, and lookup operations with O(log n) average time complexity.</p><p>Here is what I have so far:</p><code>class Node:
    def __init__(self, key):
        self.left = None
        self.right = None
        self.val = key</code><p>How can I implement the lookup method efficiently? I have read about balanced BSTs like AVL trees - would that be necessary for guaranteed O(log n)?</p>",<python><data-structures><binary-search-tree><algorithm>,2020-08-23,HQ
244,How to properly implement authentication with JWT tokens in a Node.js API?,"<p>I am building a REST API with Node.js and Express, and I want to implement JWT-based authentication. I have a few concerns about security best practices:</p><p>1. Should I store the JWT in localStorage, sessionStorage, or an HTTP-only cookie?</p><p>2. How should I handle token refresh to maintain user sessions without forcing re-login?</p><p>3. What claims should I include in the payload?</p><p>Here is my current token generation:</p><code>const jwt = require('jsonwebtoken');
const token = jwt.sign({ userId: user.id }, process.env.SECRET, { expiresIn: '1h' });</code><p>Is a 1-hour expiration reasonable? How do I securely implement refresh tokens?</p>",<node.js><jwt><authentication><security><express>,2020-09-16,HQ
571,Docker container exits immediately after starting [71],<p>My Docker container starts and then immediately exits. I am running:</p><code>docker run my-app</code><p>When I check the logs there is nothing useful. The Dockerfile uses a Python base image. What could cause this behavior?</p>,<docker><container><python>,2020-12-19,LQ_EDIT
54,How to implement a binary search tree in Python with O(log n) lookup?,"<p>I am working on a data structures course and need to implement a binary search tree (BST) in Python. I need the tree to support insertion, deletion, and lookup operations with O(log n) average time complexity.</p><p>Here is what I have so far:</p><code>class Node:
    def __init__(self, key):
        self.left = None
        self.right = None
        self.val = key</code><p>How can I implement the lookup method efficiently? I have read about balanced BSTs like AVL trees - would that be necessary for guaranteed O(log n)?</p>",<python><data-structures><binary-search-tree><algorithm>,2020-07-16,HQ
44,How to properly implement authentication with JWT tokens in a Node.js API?,"<p>I am building a REST API with Node.js and Express, and I want to implement JWT-based authentication. I have a few concerns about security best practices:</p><p>1. Should I store the JWT in localStorage, sessionStorage, or an HTTP-only cookie?</p><p>2. How should I handle token refresh to maintain user sessions without forcing re-login?</p><p>3. What claims should I include in the payload?</p><p>Here is my current token generation:</p><code>const jwt = require('jsonwebtoken');
const token = jwt.sign({ userId: user.id }, process.env.SECRET, { expiresIn: '1h' });</code><p>Is a 1-hour expiration reasonable? How do I securely implement refresh tokens?</p>",<node.js><jwt><authentication><security><express>,2020-11-24,HQ
437,Best practices for database indexing in PostgreSQL for query optimization?,"<p>I have a PostgreSQL database with a table containing about 50 million rows. My queries are becoming slow, especially those with WHERE clauses on multiple columns and JOIN operations.</p><p>Current table structure:</p><code>CREATE TABLE orders (
    id SERIAL PRIMARY KEY,
    customer_id INT,
    product_id INT,
    order_date TIMESTAMP,
    total_amount DECIMAL(10,2),
    status VARCHAR(20)
);</code><p>I frequently query by customer_id, order_date ranges, and status. Should I create composite indexes? What is the impact on INSERT performance? How do I use EXPLAIN ANALYZE to identify bottlenecks?</p>",<postgresql><database><indexing><query-optimization><performance>,2020-08-15,HQ
74,Understanding Python decorators with arguments - how do they work internally?,"<p>I understand basic Python decorators, but I am struggling with decorators that accept arguments. For example:</p><code>@my_decorator(arg1, arg2)
def my_function():
    pass</code><p>This seems to involve three levels of nested functions. Can someone break down the execution flow step by step? How does Python handle the difference between @my_decorator and @my_decorator(args)?</p><p>I am particularly confused about how functools.wraps plays into this and why it is recommended. A clear example with the execution order would be very helpful.</p>",<python><decorators><functions><metaprogramming>,2020-06-06,HQ
409,Efficient way to find duplicates in a large list using Python? - variant 409,"<p>I have a list of approximately 10 million strings and need to find all duplicate entries efficiently. My current approach uses a nested loop which has O(n^2) time complexity and takes too long.</p><p>Current approach:</p><code>duplicates = []
for i in range(len(data)):
    for j in range(i+1, len(data)):
        if data[i] == data[j]:
            duplicates.append(data[i])</code><p>I have considered using a set or dictionary for O(n) lookup. What would be the most memory-efficient approach for this scale of data? Should I consider using pandas or numpy for better performance?</p>",<python><performance><algorithms><duplicates><large-dataset>,2020-10-23,HQ
811,How to read a file in Java?,"<p>I need to read a text file in Java. I found several ways to do it (BufferedReader, Scanner, Files.readAllLines) but I am not sure which one to use. Can someone suggest the best approach for reading a large text file line by line?</p>",<java><file-io><reading>,2020-05-24,LQ_EDIT
1061,urgent!!! need answer now,<p>how do i fix this error??? its not working and i need to submit tomorrow. please help urgent</p>,<java>,2020-12-27,LQ_CLOSE
1013,urgent!!! need answer now [13],<p>how do i fix this error??? its not working and i need to submit tomorrow. please help urgent</p>,<java>,2020-11-17,LQ_CLOSE
1230,HEEELP,<p>nothing works!!!</p>,,2020-09-17,LQ_CLOSE
36,Efficient way to find duplicates in a large list using Python? (approach 36),"<p>I have a list of approximately 10 million strings and need to find all duplicate entries efficiently. My current approach uses a nested loop which has O(n^2) time complexity and takes too long.</p><p>Current approach:</p><code>duplicates = []
for i in range(len(data)):
    for j in range(i+1, len(data)):
        if data[i] == data[j]:
            duplicates.append(data[i])</code><p>I have considered using a set or dictionary for O(n) lookup. What would be the most memory-efficient approach for this scale of data? Should I consider using pandas or numpy for better performance?</p>",<python><performance><algorithms><duplicates><large-dataset>,2020-06-25,HQ
1012,is this good [12],<p>is my code good?</p>,<code-review>,2020-02-10,LQ_CLOSE
689,Docker container exits immediately after starting,<p>My Docker container starts and then immediately exits. I am running:</p><code>docker run my-app</code><p>When I check the logs there is nothing useful. The Dockerfile uses a Python base image. What could cause this behavior?</p>,<docker><container><python>,2020-11-22,LQ_EDIT
831,Python error: list index out of range,"<p>I keep getting an IndexError when I try to access elements in my list. My code loops through a list and tries to access the next element:</p><code>for i in range(len(my_list)):
    print(my_list[i+1])</code><p>Why does this happen and how do I fix it?</p>",<python><error><list><indexerror>,2020-09-10,LQ_EDIT
947,MySQL query not returning expected results - variant 447,<p>I have a MySQL query that should return all users who signed up last month but it returns nothing. Here is my query:</p><code>SELECT * FROM users WHERE signup_date > '2024-01-01';</code><p>The table has data. What could be wrong?</p>,<mysql><sql><query>,2020-07-26,LQ_EDIT
980,Docker container exits immediately after starting - variant 480,<p>My Docker container starts and then immediately exits. I am running:</p><code>docker run my-app</code><p>When I check the logs there is nothing useful. The Dockerfile uses a Python base image. What could cause this behavior?</p>,<docker><container><python>,2020-10-05,LQ_EDIT
161,How to handle CORS errors in a React app calling a REST API? [161],"<p>I am building a React frontend that calls a Node.js Express backend API. When I make fetch requests from my React app (running on localhost:3000) to my API (running on localhost:5000), I get the following error:</p><code>Access to fetch at 'http://localhost:5000/api/data' from origin 'http://localhost:3000' has been blocked by CORS policy</code><p>I have tried adding the cors middleware to my Express server but the error persists. Here is my Express configuration:</p><code>const cors = require('cors');
app.use(cors());</code><p>What am I missing? Is there a way to configure CORS headers properly for both development and production environments?</p>",<javascript><react><cors><express><rest-api>,2020-07-01,HQ
156,How to handle CORS errors in a React app calling a REST API?,"<p>I am building a React frontend that calls a Node.js Express backend API. When I make fetch requests from my React app (running on localhost:3000) to my API (running on localhost:5000), I get the following error:</p><code>Access to fetch at 'http://localhost:5000/api/data' from origin 'http://localhost:3000' has been blocked by CORS policy</code><p>I have tried adding the cors middleware to my Express server but the error persists. Here is my Express configuration:</p><code>const cors = require('cors');
app.use(cors());</code><p>What am I missing? Is there a way to configure CORS headers properly for both development and production environments?</p>",<javascript><react><cors><express><rest-api>,2020-02-08,HQ
1296,urgent!!! need answer now - variant 296,<p>how do i fix this error??? its not working and i need to submit tomorrow. please help urgent</p>,<java>,2020-09-20,LQ_CLOSE
1315,need project (approach 315),<p>can someone give me a python project for my college assignment? it should be easy and about machine learning</p>,<python><machine-learning><project>,2020-07-22,LQ_CLOSE
8,Best practices for database indexing in PostgreSQL for query optimization? (approach 8),"<p>I have a PostgreSQL database with a table containing about 50 million rows. My queries are becoming slow, especially those with WHERE clauses on multiple columns and JOIN operations.</p><p>Current table structure:</p><code>CREATE TABLE orders (
    id SERIAL PRIMARY KEY,
    customer_id INT,
    product_id INT,
    order_date TIMESTAMP,
    total_amount DECIMAL(10,2),
    status VARCHAR(20)
);</code><p>I frequently query by customer_id, order_date ranges, and status. Should I create composite indexes? What is the impact on INSERT performance? How do I use EXPLAIN ANALYZE to identify bottlenecks?</p>",<postgresql><database><indexing><query-optimization><performance>,2020-04-27,HQ
836,How to read a file in Java? - variant 336,"<p>I need to read a text file in Java. I found several ways to do it (BufferedReader, Scanner, Files.readAllLines) but I am not sure which one to use. Can someone suggest the best approach for reading a large text file line by line?</p>",<java><file-io><reading>,2020-03-24,LQ_EDIT
897,Python error: list index out of range [397],"<p>I keep getting an IndexError when I try to access elements in my list. My code loops through a list and tries to access the next element:</p><code>for i in range(len(my_list)):
    print(my_list[i+1])</code><p>Why does this happen and how do I fix it?</p>",<python><error><list><indexerror>,2020-05-02,LQ_EDIT
1022,code not working (approach 22),<p>i wrote some code but it doesnt work. can someone fix it for me?</p>,<python>,2020-08-26,LQ_CLOSE
1294,how to hack wifi [294],<p>how can i hack my neighbors wifi password using python??</p>,<python><wifi><hacking>,2020-12-07,LQ_CLOSE
951,Git merge conflict - how to resolve?,"<p>I got a merge conflict when trying to merge my branch into main. The file shows these markers:</p><code><<<<<<< HEAD
my changes
=======
their changes
>>>>>>> feature-branch</code><p>How do I properly resolve this?</p>",<git><merge-conflict><version-control>,2020-03-26,LQ_EDIT
122,Efficient way to find duplicates in a large list using Python?,"<p>I have a list of approximately 10 million strings and need to find all duplicate entries efficiently. My current approach uses a nested loop which has O(n^2) time complexity and takes too long.</p><p>Current approach:</p><code>duplicates = []
for i in range(len(data)):
    for j in range(i+1, len(data)):
        if data[i] == data[j]:
            duplicates.append(data[i])</code><p>I have considered using a set or dictionary for O(n) lookup. What would be the most memory-efficient approach for this scale of data? Should I consider using pandas or numpy for better performance?</p>",<python><performance><algorithms><duplicates><large-dataset>,2020-08-08,HQ
668,CSS flexbox not centering my div,"<p>I am trying to center a div using flexbox but it is not working. Here is my code:</p><code>.container {
  display: flex;
  justify-content: center;
}</code><p>The div still appears on the left side. What am I doing wrong?</p>",<css><flexbox><html><centering>,2020-05-11,LQ_EDIT
783,How to read a file in Java?,"<p>I need to read a text file in Java. I found several ways to do it (BufferedReader, Scanner, Files.readAllLines) but I am not sure which one to use. Can someone suggest the best approach for reading a large text file line by line?</p>",<java><file-io><reading>,2020-05-28,LQ_EDIT
938,Python error: list index out of range [438],"<p>I keep getting an IndexError when I try to access elements in my list. My code loops through a list and tries to access the next element:</p><code>for i in range(len(my_list)):
    print(my_list[i+1])</code><p>Why does this happen and how do I fix it?</p>",<python><error><list><indexerror>,2020-12-21,LQ_EDIT
1127,python [127],<p>how to learn python fast</p>,<python>,2020-06-12,LQ_CLOSE
1244,urgent!!! need answer now,<p>how do i fix this error??? its not working and i need to submit tomorrow. please help urgent</p>,<java>,2020-07-21,LQ_CLOSE
239,What is the difference between == and === operators in JavaScript? (approach 239),"<p>I have been learning JavaScript and encountered both == and === operators. I understand that == checks for equality while === checks for strict equality, but I am confused about when to use each one.</p><p>For example:</p><code>console.log(1 == '1');  // true
console.log(1 === '1'); // false</code><p>Can someone explain the type coercion rules that == follows? Are there any best practices for which one to use in production code?</p>",<javascript><operators><comparison><type-coercion>,2020-01-14,HQ
445,What is the difference between == and === operators in JavaScript?,"<p>I have been learning JavaScript and encountered both == and === operators. I understand that == checks for equality while === checks for strict equality, but I am confused about when to use each one.</p><p>For example:</p><code>console.log(1 == '1');  // true
console.log(1 === '1'); // false</code><p>Can someone explain the type coercion rules that == follows? Are there any best practices for which one to use in production code?</p>",<javascript><operators><comparison><type-coercion>,2020-05-13,HQ
651,Git merge conflict - how to resolve? - variant 151,"<p>I got a merge conflict when trying to merge my branch into main. The file shows these markers:</p><code><<<<<<< HEAD
my changes
=======
their changes
>>>>>>> feature-branch</code><p>How do I properly resolve this?</p>",<git><merge-conflict><version-control>,2020-03-06,LQ_EDIT
88,Efficient way to find duplicates in a large list using Python? - variant 88,"<p>I have a list of approximately 10 million strings and need to find all duplicate entries efficiently. My current approach uses a nested loop which has O(n^2) time complexity and takes too long.</p><p>Current approach:</p><code>duplicates = []
for i in range(len(data)):
    for j in range(i+1, len(data)):
        if data[i] == data[j]:
            duplicates.append(data[i])</code><p>I have considered using a set or dictionary for O(n) lookup. What would be the most memory-efficient approach for this scale of data? Should I consider using pandas or numpy for better performance?</p>",<python><performance><algorithms><duplicates><large-dataset>,2020-05-18,HQ
25,Understanding Python decorators with arguments - how do they work internally? - variant 25,"<p>I understand basic Python decorators, but I am struggling with decorators that accept arguments. For example:</p><code>@my_decorator(arg1, arg2)
def my_function():
    pass</code><p>This seems to involve three levels of nested functions. Can someone break down the execution flow step by step? How does Python handle the difference between @my_decorator and @my_decorator(args)?</p><p>I am particularly confused about how functools.wraps plays into this and why it is recommended. A clear example with the execution order would be very helpful.</p>",<python><decorators><functions><metaprogramming>,2020-04-10,HQ
1304,python [304],<p>how to learn python fast</p>,<python>,2020-03-12,LQ_CLOSE
577,How to read a file in Java? (approach 77),"<p>I need to read a text file in Java. I found several ways to do it (BufferedReader, Scanner, Files.readAllLines) but I am not sure which one to use. Can someone suggest the best approach for reading a large text file line by line?</p>",<java><file-io><reading>,2020-03-08,LQ_EDIT
148,What is the difference between == and === operators in JavaScript? [148],"<p>I have been learning JavaScript and encountered both == and === operators. I understand that == checks for equality while === checks for strict equality, but I am confused about when to use each one.</p><p>For example:</p><code>console.log(1 == '1');  // true
console.log(1 === '1'); // false</code><p>Can someone explain the type coercion rules that == follows? Are there any best practices for which one to use in production code?</p>",<javascript><operators><comparison><type-coercion>,2020-09-13,HQ
1131,error,<p>getting an error. why?</p>,,2020-08-17,LQ_CLOSE
1203,best programming language? [203],<p>which is the best programming language to learn? python or java or c++?</p>,<programming><career>,2020-09-23,LQ_CLOSE
1058,best programming language? (approach 58),<p>which is the best programming language to learn? python or java or c++?</p>,<programming><career>,2020-06-08,LQ_CLOSE
6,Understanding Python decorators with arguments - how do they work internally? [6],"<p>I understand basic Python decorators, but I am struggling with decorators that accept arguments. For example:</p><code>@my_decorator(arg1, arg2)
def my_function():
    pass</code><p>This seems to involve three levels of nested functions. Can someone break down the execution flow step by step? How does Python handle the difference between @my_decorator and @my_decorator(args)?</p><p>I am particularly confused about how functools.wraps plays into this and why it is recommended. A clear example with the execution order would be very helpful.</p>",<python><decorators><functions><metaprogramming>,2020-03-12,HQ
1436,plz send me the code - variant 436,<p>i need to make a website. can someone send me the full code? i dont know html</p>,<html><website>,2020-11-24,LQ_CLOSE
407,How to properly implement authentication with JWT tokens in a Node.js API?,"<p>I am building a REST API with Node.js and Express, and I want to implement JWT-based authentication. I have a few concerns about security best practices:</p><p>1. Should I store the JWT in localStorage, sessionStorage, or an HTTP-only cookie?</p><p>2. How should I handle token refresh to maintain user sessions without forcing re-login?</p><p>3. What claims should I include in the payload?</p><p>Here is my current token generation:</p><code>const jwt = require('jsonwebtoken');
const token = jwt.sign({ userId: user.id }, process.env.SECRET, { expiresIn: '1h' });</code><p>Is a 1-hour expiration reasonable? How do I securely implement refresh tokens?</p>",<node.js><jwt><authentication><security><express>,2020-10-23,HQ
1113,help plz,<p>my code doesnt work</p>,<python>,2020-05-07,LQ_CLOSE
449,How to handle CORS errors in a React app calling a REST API? - variant 449,"<p>I am building a React frontend that calls a Node.js Express backend API. When I make fetch requests from my React app (running on localhost:3000) to my API (running on localhost:5000), I get the following error:</p><code>Access to fetch at 'http://localhost:5000/api/data' from origin 'http://localhost:3000' has been blocked by CORS policy</code><p>I have tried adding the cors middleware to my Express server but the error persists. Here is my Express configuration:</p><code>const cors = require('cors');
app.use(cors());</code><p>What am I missing? Is there a way to configure CORS headers properly for both development and production environments?</p>",<javascript><react><cors><express><rest-api>,2020-11-17,HQ
293,Understanding Python decorators with arguments - how do they work internally? (approach 293),"<p>I understand basic Python decorators, but I am struggling with decorators that accept arguments. For example:</p><code>@my_decorator(arg1, arg2)
def my_function():
    pass</code><p>This seems to involve three levels of nested functions. Can someone break down the execution flow step by step? How does Python handle the difference between @my_decorator and @my_decorator(args)?</p><p>I am particularly confused about how functools.wraps plays into this and why it is recommended. A clear example with the execution order would be very helpful.</p>",<python><decorators><functions><metaprogramming>,2020-04-13,HQ
698,Python error: list index out of range,"<p>I keep getting an IndexError when I try to access elements in my list. My code loops through a list and tries to access the next element:</p><code>for i in range(len(my_list)):
    print(my_list[i+1])</code><p>Why does this happen and how do I fix it?</p>",<python><error><list><indexerror>,2020-09-25,LQ_EDIT
520,Git merge conflict - how to resolve? - variant 20,"<p>I got a merge conflict when trying to merge my branch into main. The file shows these markers:</p><code><<<<<<< HEAD
my changes
=======
their changes
>>>>>>> feature-branch</code><p>How do I properly resolve this?</p>",<git><merge-conflict><version-control>,2020-02-04,LQ_EDIT
420,How to properly implement authentication with JWT tokens in a Node.js API? (approach 420),"<p>I am building a REST API with Node.js and Express, and I want to implement JWT-based authentication. I have a few concerns about security best practices:</p><p>1. Should I store the JWT in localStorage, sessionStorage, or an HTTP-only cookie?</p><p>2. How should I handle token refresh to maintain user sessions without forcing re-login?</p><p>3. What claims should I include in the payload?</p><p>Here is my current token generation:</p><code>const jwt = require('jsonwebtoken');
const token = jwt.sign({ userId: user.id }, process.env.SECRET, { expiresIn: '1h' });</code><p>Is a 1-hour expiration reasonable? How do I securely implement refresh tokens?</p>",<node.js><jwt><authentication><security><express>,2020-06-08,HQ
1090,HEEELP [90],<p>nothing works!!!</p>,,2020-09-09,LQ_CLOSE
1402,python (approach 402),<p>how to learn python fast</p>,<python>,2020-01-06,LQ_CLOSE
1290,is this good - variant 290,<p>is my code good?</p>,<code-review>,2020-01-13,LQ_CLOSE
873,React component not re-rendering when state changes [373],"<p>My React component is not re-rendering when I update the state. I am using useState but the UI does not reflect the change.</p><code>const [items, setItems] = useState([1,2,3]);
items.push(4);
setItems(items);</code><p>Why is the component not updating?</p>",<react><state><re-render><hooks>,2020-05-19,LQ_EDIT
1468,best programming language? (approach 468),<p>which is the best programming language to learn? python or java or c++?</p>,<programming><career>,2020-09-03,LQ_CLOSE
1092,code not working,<p>i wrote some code but it doesnt work. can someone fix it for me?</p>,<python>,2020-01-11,LQ_CLOSE
12,How does garbage collection work in Java and when does it run?,"<p>I am trying to understand Java's garbage collection mechanism. Specifically, I want to know:</p><p>1. How does the JVM decide which objects are eligible for garbage collection?</p><p>2. What are the different garbage collection algorithms available (Serial, Parallel, G1, ZGC)?</p><p>3. Can I force garbage collection to run, or is it always at the JVM's discretion?</p><p>I have read that calling System.gc() is just a suggestion to the JVM. In a production environment with high memory usage, what GC tuning parameters should I consider?</p>",<java><garbage-collection><jvm><memory-management><performance>,2020-01-22,HQ
1220,urgent!!! need answer now,<p>how do i fix this error??? its not working and i need to submit tomorrow. please help urgent</p>,<java>,2020-01-03,LQ_CLOSE
950,Sort a list in Python [450],"<p>I need to sort a list in Python. I have tried using sort() but it doesn't seem to work for my case. My list contains both numbers and strings.</p><code>my_list = [3, 1, 'apple', 2, 'banana']</code><p>How can I sort this?</p>",<python><sorting><list>,2020-02-07,LQ_EDIT
363,Best practices for database indexing in PostgreSQL for query optimization? - variant 363,"<p>I have a PostgreSQL database with a table containing about 50 million rows. My queries are becoming slow, especially those with WHERE clauses on multiple columns and JOIN operations.</p><p>Current table structure:</p><code>CREATE TABLE orders (
    id SERIAL PRIMARY KEY,
    customer_id INT,
    product_id INT,
    order_date TIMESTAMP,
    total_amount DECIMAL(10,2),
    status VARCHAR(20)
);</code><p>I frequently query by customer_id, order_date ranges, and status. Should I create composite indexes? What is the impact on INSERT performance? How do I use EXPLAIN ANALYZE to identify bottlenecks?</p>",<postgresql><database><indexing><query-optimization><performance>,2020-05-24,HQ
1325,best programming language?,<p>which is the best programming language to learn? python or java or c++?</p>,<programming><career>,2020-01-03,LQ_CLOSE
246,How to implement a binary search tree in Python with O(log n) lookup? (approach 246),"<p>I am working on a data structures course and need to implement a binary search tree (BST) in Python. I need the tree to support insertion, deletion, and lookup operations with O(log n) average time complexity.</p><p>Here is what I have so far:</p><code>class Node:
    def __init__(self, key):
        self.left = None
        self.right = None
        self.val = key</code><p>How can I implement the lookup method efficiently? I have read about balanced BSTs like AVL trees - would that be necessary for guaranteed O(log n)?</p>",<python><data-structures><binary-search-tree><algorithm>,2020-11-09,HQ
1063,how to hack wifi (approach 63),<p>how can i hack my neighbors wifi password using python??</p>,<python><wifi><hacking>,2020-07-12,LQ_CLOSE
806,React component not re-rendering when state changes (approach 306),"<p>My React component is not re-rendering when I update the state. I am using useState but the UI does not reflect the change.</p><code>const [items, setItems] = useState([1,2,3]);
items.push(4);
setItems(items);</code><p>Why is the component not updating?</p>",<react><state><re-render><hooks>,2020-08-28,LQ_EDIT
152,Understanding Python decorators with arguments - how do they work internally? (approach 152),"<p>I understand basic Python decorators, but I am struggling with decorators that accept arguments. For example:</p><code>@my_decorator(arg1, arg2)
def my_function():
    pass</code><p>This seems to involve three levels of nested functions. Can someone break down the execution flow step by step? How does Python handle the difference between @my_decorator and @my_decorator(args)?</p><p>I am particularly confused about how functools.wraps plays into this and why it is recommended. A clear example with the execution order would be very helpful.</p>",<python><decorators><functions><metaprogramming>,2020-07-12,HQ
225,What is the difference between == and === operators in JavaScript? (approach 225),"<p>I have been learning JavaScript and encountered both == and === operators. I understand that == checks for equality while === checks for strict equality, but I am confused about when to use each one.</p><p>For example:</p><code>console.log(1 == '1');  // true
console.log(1 === '1'); // false</code><p>Can someone explain the type coercion rules that == follows? Are there any best practices for which one to use in production code?</p>",<javascript><operators><comparison><type-coercion>,2020-10-02,HQ
753,React component not re-rendering when state changes,"<p>My React component is not re-rendering when I update the state. I am using useState but the UI does not reflect the change.</p><code>const [items, setItems] = useState([1,2,3]);
items.push(4);
setItems(items);</code><p>Why is the component not updating?</p>",<react><state><re-render><hooks>,2020-02-20,LQ_EDIT
1450,how to hack wifi,<p>how can i hack my neighbors wifi password using python??</p>,<python><wifi><hacking>,2020-08-28,LQ_CLOSE
1242,plz send me the code [242],<p>i need to make a website. can someone send me the full code? i dont know html</p>,<html><website>,2020-07-03,LQ_CLOSE
637,CSS flexbox not centering my div (approach 137),"<p>I am trying to center a div using flexbox but it is not working. Here is my code:</p><code>.container {
  display: flex;
  justify-content: center;
}</code><p>The div still appears on the left side. What am I doing wrong?</p>",<css><flexbox><html><centering>,2020-09-21,LQ_EDIT
275,How to properly implement authentication with JWT tokens in a Node.js API?,"<p>I am building a REST API with Node.js and Express, and I want to implement JWT-based authentication. I have a few concerns about security best practices:</p><p>1. Should I store the JWT in localStorage, sessionStorage, or an HTTP-only cookie?</p><p>2. How should I handle token refresh to maintain user sessions without forcing re-login?</p><p>3. What claims should I include in the payload?</p><p>Here is my current token generation:</p><code>const jwt = require('jsonwebtoken');
const token = jwt.sign({ userId: user.id }, process.env.SECRET, { expiresIn: '1h' });</code><p>Is a 1-hour expiration reasonable? How do I securely implement refresh tokens?</p>",<node.js><jwt><authentication><security><express>,2020-03-16,HQ
705,Docker container exits immediately after starting (approach 205),<p>My Docker container starts and then immediately exits. I am running:</p><code>docker run my-app</code><p>When I check the logs there is nothing useful. The Dockerfile uses a Python base image. What could cause this behavior?</p>,<docker><container><python>,2020-11-25,LQ_EDIT
38,How to implement a binary search tree in Python with O(log n) lookup?,"<p>I am working on a data structures course and need to implement a binary search tree (BST) in Python. I need the tree to support insertion, deletion, and lookup operations with O(log n) average time complexity.</p><p>Here is what I have so far:</p><code>class Node:
    def __init__(self, key):
        self.left = None
        self.right = None
        self.val = key</code><p>How can I implement the lookup method efficiently? I have read about balanced BSTs like AVL trees - would that be necessary for guaranteed O(log n)?</p>",<python><data-structures><binary-search-tree><algorithm>,2020-04-07,HQ
139,How to handle CORS errors in a React app calling a REST API? (approach 139),"<p>I am building a React frontend that calls a Node.js Express backend API. When I make fetch requests from my React app (running on localhost:3000) to my API (running on localhost:5000), I get the following error:</p><code>Access to fetch at 'http://localhost:5000/api/data' from origin 'http://localhost:3000' has been blocked by CORS policy</code><p>I have tried adding the cors middleware to my Express server but the error persists. Here is my Express configuration:</p><code>const cors = require('cors');
app.use(cors());</code><p>What am I missing? Is there a way to configure CORS headers properly for both development and production environments?</p>",<javascript><react><cors><express><rest-api>,2020-03-25,HQ
476,How does garbage collection work in Java and when does it run?,"<p>I am trying to understand Java's garbage collection mechanism. Specifically, I want to know:</p><p>1. How does the JVM decide which objects are eligible for garbage collection?</p><p>2. What are the different garbage collection algorithms available (Serial, Parallel, G1, ZGC)?</p><p>3. Can I force garbage collection to run, or is it always at the JVM's discretion?</p><p>I have read that calling System.gc() is just a suggestion to the JVM. In a production environment with high memory usage, what GC tuning parameters should I consider?</p>",<java><garbage-collection><jvm><memory-management><performance>,2020-04-25,HQ
323,Understanding Python decorators with arguments - how do they work internally? - variant 323,"<p>I understand basic Python decorators, but I am struggling with decorators that accept arguments. For example:</p><code>@my_decorator(arg1, arg2)
def my_function():
    pass</code><p>This seems to involve three levels of nested functions. Can someone break down the execution flow step by step? How does Python handle the difference between @my_decorator and @my_decorator(args)?</p><p>I am particularly confused about how functools.wraps plays into this and why it is recommended. A clear example with the execution order would be very helpful.</p>",<python><decorators><functions><metaprogramming>,2020-02-28,HQ
701,Python error: list index out of range,"<p>I keep getting an IndexError when I try to access elements in my list. My code loops through a list and tries to access the next element:</p><code>for i in range(len(my_list)):
    print(my_list[i+1])</code><p>Why does this happen and how do I fix it?</p>",<python><error><list><indexerror>,2020-06-16,LQ_EDIT
478,How to implement a binary search tree in Python with O(log n) lookup? (approach 478),"<p>I am working on a data structures course and need to implement a binary search tree (BST) in Python. I need the tree to support insertion, deletion, and lookup operations with O(log n) average time complexity.</p><p>Here is what I have so far:</p><code>class Node:
    def __init__(self, key):
        self.left = None
        self.right = None
        self.val = key</code><p>How can I implement the lookup method efficiently? I have read about balanced BSTs like AVL trees - would that be necessary for guaranteed O(log n)?</p>",<python><data-structures><binary-search-tree><algorithm>,2020-11-07,HQ
1029,best programming language? [29],<p>which is the best programming language to learn? python or java or c++?</p>,<programming><career>,2020-03-12,LQ_CLOSE
1282,plz send me the code,<p>i need to make a website. can someone send me the full code? i dont know html</p>,<html><website>,2020-05-20,LQ_CLOSE
1381,code not working - variant 381,<p>i wrote some code but it doesnt work. can someone fix it for me?</p>,<python>,2020-12-05,LQ_CLOSE
1477,best programming language?,<p>which is the best programming language to learn? python or java or c++?</p>,<programming><career>,2020-06-23,LQ_CLOSE
251,How to handle CORS errors in a React app calling a REST API?,"<p>I am building a React frontend that calls a Node.js Express backend API. When I make fetch requests from my React app (running on localhost:3000) to my API (running on localhost:5000), I get the following error:</p><code>Access to fetch at 'http://localhost:5000/api/data' from origin 'http://localhost:3000' has been blocked by CORS policy</code><p>I have tried adding the cors middleware to my Express server but the error persists. Here is my Express configuration:</p><code>const cors = require('cors');
app.use(cors());</code><p>What am I missing? Is there a way to configure CORS headers properly for both development and production environments?</p>",<javascript><react><cors><express><rest-api>,2020-12-26,HQ
166,Efficient way to find duplicates in a large list using Python? [166],"<p>I have a list of approximately 10 million strings and need to find all duplicate entries efficiently. My current approach uses a nested loop which has O(n^2) time complexity and takes too long.</p><p>Current approach:</p><code>duplicates = []
for i in range(len(data)):
    for j in range(i+1, len(data)):
        if data[i] == data[j]:
            duplicates.append(data[i])</code><p>I have considered using a set or dictionary for O(n) lookup. What would be the most memory-efficient approach for this scale of data? Should I consider using pandas or numpy for better performance?</p>",<python><performance><algorithms><duplicates><large-dataset>,2020-06-28,HQ
1003,plz send me the code,<p>i need to make a website. can someone send me the full code? i dont know html</p>,<html><website>,2020-05-26,LQ_CLOSE
132,How does garbage collection work in Java and when does it run? (approach 132),"<p>I am trying to understand Java's garbage collection mechanism. Specifically, I want to know:</p><p>1. How does the JVM decide which objects are eligible for garbage collection?</p><p>2. What are the different garbage collection algorithms available (Serial, Parallel, G1, ZGC)?</p><p>3. Can I force garbage collection to run, or is it always at the JVM's discretion?</p><p>I have read that calling System.gc() is just a suggestion to the JVM. In a production environment with high memory usage, what GC tuning parameters should I consider?</p>",<java><garbage-collection><jvm><memory-management><performance>,2020-04-13,HQ
1094,HEEELP - variant 94,<p>nothing works!!!</p>,,2020-02-16,LQ_CLOSE
230,Efficient way to find duplicates in a large list using Python? - variant 230,"<p>I have a list of approximately 10 million strings and need to find all duplicate entries efficiently. My current approach uses a nested loop which has O(n^2) time complexity and takes too long.</p><p>Current approach:</p><code>duplicates = []
for i in range(len(data)):
    for j in range(i+1, len(data)):
        if data[i] == data[j]:
            duplicates.append(data[i])</code><p>I have considered using a set or dictionary for O(n) lookup. What would be the most memory-efficient approach for this scale of data? Should I consider using pandas or numpy for better performance?</p>",<python><performance><algorithms><duplicates><large-dataset>,2020-05-28,HQ
410,Best practices for database indexing in PostgreSQL for query optimization? (approach 410),"<p>I have a PostgreSQL database with a table containing about 50 million rows. My queries are becoming slow, especially those with WHERE clauses on multiple columns and JOIN operations.</p><p>Current table structure:</p><code>CREATE TABLE orders (
    id SERIAL PRIMARY KEY,
    customer_id INT,
    product_id INT,
    order_date TIMESTAMP,
    total_amount DECIMAL(10,2),
    status VARCHAR(20)
);</code><p>I frequently query by customer_id, order_date ranges, and status. Should I create composite indexes? What is the impact on INSERT performance? How do I use EXPLAIN ANALYZE to identify bottlenecks?</p>",<postgresql><database><indexing><query-optimization><performance>,2020-06-18,HQ
1467,plz send me the code [467],<p>i need to make a website. can someone send me the full code? i dont know html</p>,<html><website>,2020-04-20,LQ_CLOSE
1229,HEEELP - variant 229,<p>nothing works!!!</p>,,2020-09-16,LQ_CLOSE
1283,best programming language? (approach 283),<p>which is the best programming language to learn? python or java or c++?</p>,<programming><career>,2020-03-25,LQ_CLOSE
53,What is the difference between == and === operators in JavaScript?,"<p>I have been learning JavaScript and encountered both == and === operators. I understand that == checks for equality while === checks for strict equality, but I am confused about when to use each one.</p><p>For example:</p><code>console.log(1 == '1');  // true
console.log(1 === '1'); // false</code><p>Can someone explain the type coercion rules that == follows? Are there any best practices for which one to use in production code?</p>",<javascript><operators><comparison><type-coercion>,2020-07-11,HQ
798,MySQL query not returning expected results - variant 298,<p>I have a MySQL query that should return all users who signed up last month but it returns nothing. Here is my query:</p><code>SELECT * FROM users WHERE signup_date > '2024-01-01';</code><p>The table has data. What could be wrong?</p>,<mysql><sql><query>,2020-08-21,LQ_EDIT
896,Sort a list in Python (approach 396),"<p>I need to sort a list in Python. I have tried using sort() but it doesn't seem to work for my case. My list contains both numbers and strings.</p><code>my_list = [3, 1, 'apple', 2, 'banana']</code><p>How can I sort this?</p>",<python><sorting><list>,2020-11-06,LQ_EDIT
1085,urgent!!! need answer now [85],<p>how do i fix this error??? its not working and i need to submit tomorrow. please help urgent</p>,<java>,2020-05-11,LQ_CLOSE
1111,python,<p>how to learn python fast</p>,<python>,2020-07-19,LQ_CLOSE
469,How does garbage collection work in Java and when does it run? [469],"<p>I am trying to understand Java's garbage collection mechanism. Specifically, I want to know:</p><p>1. How does the JVM decide which objects are eligible for garbage collection?</p><p>2. What are the different garbage collection algorithms available (Serial, Parallel, G1, ZGC)?</p><p>3. Can I force garbage collection to run, or is it always at the JVM's discretion?</p><p>I have read that calling System.gc() is just a suggestion to the JVM. In a production environment with high memory usage, what GC tuning parameters should I consider?</p>",<java><garbage-collection><jvm><memory-management><performance>,2020-02-26,HQ
846,Git merge conflict - how to resolve?,"<p>I got a merge conflict when trying to merge my branch into main. The file shows these markers:</p><code><<<<<<< HEAD
my changes
=======
their changes
>>>>>>> feature-branch</code><p>How do I properly resolve this?</p>",<git><merge-conflict><version-control>,2020-08-22,LQ_EDIT
1171,code not working [171],<p>i wrote some code but it doesnt work. can someone fix it for me?</p>,<python>,2020-06-13,LQ_CLOSE
838,MySQL query not returning expected results [338],<p>I have a MySQL query that should return all users who signed up last month but it returns nothing. Here is my query:</p><code>SELECT * FROM users WHERE signup_date > '2024-01-01';</code><p>The table has data. What could be wrong?</p>,<mysql><sql><query>,2020-08-01,LQ_EDIT
256,How does garbage collection work in Java and when does it run?,"<p>I am trying to understand Java's garbage collection mechanism. Specifically, I want to know:</p><p>1. How does the JVM decide which objects are eligible for garbage collection?</p><p>2. What are the different garbage collection algorithms available (Serial, Parallel, G1, ZGC)?</p><p>3. Can I force garbage collection to run, or is it always at the JVM's discretion?</p><p>I have read that calling System.gc() is just a suggestion to the JVM. In a production environment with high memory usage, what GC tuning parameters should I consider?</p>",<java><garbage-collection><jvm><memory-management><performance>,2020-02-12,HQ
1438,urgent!!! need answer now (approach 438),<p>how do i fix this error??? its not working and i need to submit tomorrow. please help urgent</p>,<java>,2020-01-28,LQ_CLOSE
1253,need project [253],<p>can someone give me a python project for my college assignment? it should be easy and about machine learning</p>,<python><machine-learning><project>,2020-07-01,LQ_CLOSE
867,React component not re-rendering when state changes,"<p>My React component is not re-rendering when I update the state. I am using useState but the UI does not reflect the change.</p><code>const [items, setItems] = useState([1,2,3]);
items.push(4);
setItems(items);</code><p>Why is the component not updating?</p>",<react><state><re-render><hooks>,2020-11-20,LQ_EDIT
1173,python - variant 173,<p>how to learn python fast</p>,<python>,2020-08-17,LQ_CLOSE
507,CSS flexbox not centering my div,"<p>I am trying to center a div using flexbox but it is not working. Here is my code:</p><code>.container {
  display: flex;
  justify-content: center;
}</code><p>The div still appears on the left side. What am I doing wrong?</p>",<css><flexbox><html><centering>,2020-07-09,LQ_EDIT
1118,how to hack wifi,<p>how can i hack my neighbors wifi password using python??</p>,<python><wifi><hacking>,2020-04-20,LQ_CLOSE
1423,code not working [423],<p>i wrote some code but it doesnt work. can someone fix it for me?</p>,<python>,2020-09-03,LQ_CLOSE
613,React component not re-rendering when state changes,"<p>My React component is not re-rendering when I update the state. I am using useState but the UI does not reflect the change.</p><code>const [items, setItems] = useState([1,2,3]);
items.push(4);
setItems(items);</code><p>Why is the component not updating?</p>",<react><state><re-render><hooks>,2020-11-12,LQ_EDIT
1143,plz send me the code (approach 143),<p>i need to make a website. can someone send me the full code? i dont know html</p>,<html><website>,2020-09-21,LQ_CLOSE
1157,python [157],<p>how to learn python fast</p>,<python>,2020-03-05,LQ_CLOSE
572,CSS flexbox not centering my div [72],"<p>I am trying to center a div using flexbox but it is not working. Here is my code:</p><code>.container {
  display: flex;
  justify-content: center;
}</code><p>The div still appears on the left side. What am I doing wrong?</p>",<css><flexbox><html><centering>,2020-01-23,LQ_EDIT
1303,is this good - variant 303,<p>is my code good?</p>,<code-review>,2020-02-01,LQ_CLOSE
901,Docker container exits immediately after starting [401],<p>My Docker container starts and then immediately exits. I am running:</p><code>docker run my-app</code><p>When I check the logs there is nothing useful. The Dockerfile uses a Python base image. What could cause this behavior?</p>,<docker><container><python>,2020-12-15,LQ_EDIT
337,How to implement a binary search tree in Python with O(log n) lookup? - variant 337,"<p>I am working on a data structures course and need to implement a binary search tree (BST) in Python. I need the tree to support insertion, deletion, and lookup operations with O(log n) average time complexity.</p><p>Here is what I have so far:</p><code>class Node:
    def __init__(self, key):
        self.left = None
        self.right = None
        self.val = key</code><p>How can I implement the lookup method efficiently? I have read about balanced BSTs like AVL trees - would that be necessary for guaranteed O(log n)?</p>",<python><data-structures><binary-search-tree><algorithm>,2020-10-11,HQ
486,How does garbage collection work in Java and when does it run? [486],"<p>I am trying to understand Java's garbage collection mechanism. Specifically, I want to know:</p><p>1. How does the JVM decide which objects are eligible for garbage collection?</p><p>2. What are the different garbage collection algorithms available (Serial, Parallel, G1, ZGC)?</p><p>3. Can I force garbage collection to run, or is it always at the JVM's discretion?</p><p>I have read that calling System.gc() is just a suggestion to the JVM. In a production environment with high memory usage, what GC tuning parameters should I consider?</p>",<java><garbage-collection><jvm><memory-management><performance>,2020-06-22,HQ
31,How to implement a binary search tree in Python with O(log n) lookup?,"<p>I am working on a data structures course and need to implement a binary search tree (BST) in Python. I need the tree to support insertion, deletion, and lookup operations with O(log n) average time complexity.</p><p>Here is what I have so far:</p><code>class Node:
    def __init__(self, key):
        self.left = None
        self.right = None
        self.val = key</code><p>How can I implement the lookup method efficiently? I have read about balanced BSTs like AVL trees - would that be necessary for guaranteed O(log n)?</p>",<python><data-structures><binary-search-tree><algorithm>,2020-05-22,HQ
336,How to handle CORS errors in a React app calling a REST API?,"<p>I am building a React frontend that calls a Node.js Express backend API. When I make fetch requests from my React app (running on localhost:3000) to my API (running on localhost:5000), I get the following error:</p><code>Access to fetch at 'http://localhost:5000/api/data' from origin 'http://localhost:3000' has been blocked by CORS policy</code><p>I have tried adding the cors middleware to my Express server but the error persists. Here is my Express configuration:</p><code>const cors = require('cors');
app.use(cors());</code><p>What am I missing? Is there a way to configure CORS headers properly for both development and production environments?</p>",<javascript><react><cors><express><rest-api>,2020-05-24,HQ
1356,python - variant 356,<p>how to learn python fast</p>,<python>,2020-01-24,LQ_CLOSE
232,Efficient way to find duplicates in a large list using Python? (approach 232),"<p>I have a list of approximately 10 million strings and need to find all duplicate entries efficiently. My current approach uses a nested loop which has O(n^2) time complexity and takes too long.</p><p>Current approach:</p><code>duplicates = []
for i in range(len(data)):
    for j in range(i+1, len(data)):
        if data[i] == data[j]:
            duplicates.append(data[i])</code><p>I have considered using a set or dictionary for O(n) lookup. What would be the most memory-efficient approach for this scale of data? Should I consider using pandas or numpy for better performance?</p>",<python><performance><algorithms><duplicates><large-dataset>,2020-05-13,HQ
332,How to implement a binary search tree in Python with O(log n) lookup? - variant 332,"<p>I am working on a data structures course and need to implement a binary search tree (BST) in Python. I need the tree to support insertion, deletion, and lookup operations with O(log n) average time complexity.</p><p>Here is what I have so far:</p><code>class Node:
    def __init__(self, key):
        self.left = None
        self.right = None
        self.val = key</code><p>How can I implement the lookup method efficiently? I have read about balanced BSTs like AVL trees - would that be necessary for guaranteed O(log n)?</p>",<python><data-structures><binary-search-tree><algorithm>,2020-10-08,HQ
51,Efficient way to find duplicates in a large list using Python? [51],"<p>I have a list of approximately 10 million strings and need to find all duplicate entries efficiently. My current approach uses a nested loop which has O(n^2) time complexity and takes too long.</p><p>Current approach:</p><code>duplicates = []
for i in range(len(data)):
    for j in range(i+1, len(data)):
        if data[i] == data[j]:
            duplicates.append(data[i])</code><p>I have considered using a set or dictionary for O(n) lookup. What would be the most memory-efficient approach for this scale of data? Should I consider using pandas or numpy for better performance?</p>",<python><performance><algorithms><duplicates><large-dataset>,2020-09-16,HQ
433,Understanding Python decorators with arguments - how do they work internally?,"<p>I understand basic Python decorators, but I am struggling with decorators that accept arguments. For example:</p><code>@my_decorator(arg1, arg2)
def my_function():
    pass</code><p>This seems to involve three levels of nested functions. Can someone break down the execution flow step by step? How does Python handle the difference between @my_decorator and @my_decorator(args)?</p><p>I am particularly confused about how functools.wraps plays into this and why it is recommended. A clear example with the execution order would be very helpful.</p>",<python><decorators><functions><metaprogramming>,2020-02-10,HQ
499,How does garbage collection work in Java and when does it run?,"<p>I am trying to understand Java's garbage collection mechanism. Specifically, I want to know:</p><p>1. How does the JVM decide which objects are eligible for garbage collection?</p><p>2. What are the different garbage collection algorithms available (Serial, Parallel, G1, ZGC)?</p><p>3. Can I force garbage collection to run, or is it always at the JVM's discretion?</p><p>I have read that calling System.gc() is just a suggestion to the JVM. In a production environment with high memory usage, what GC tuning parameters should I consider?</p>",<java><garbage-collection><jvm><memory-management><performance>,2020-04-28,HQ
263,Best practices for database indexing in PostgreSQL for query optimization?,"<p>I have a PostgreSQL database with a table containing about 50 million rows. My queries are becoming slow, especially those with WHERE clauses on multiple columns and JOIN operations.</p><p>Current table structure:</p><code>CREATE TABLE orders (
    id SERIAL PRIMARY KEY,
    customer_id INT,
    product_id INT,
    order_date TIMESTAMP,
    total_amount DECIMAL(10,2),
    status VARCHAR(20)
);</code><p>I frequently query by customer_id, order_date ranges, and status. Should I create composite indexes? What is the impact on INSERT performance? How do I use EXPLAIN ANALYZE to identify bottlenecks?</p>",<postgresql><database><indexing><query-optimization><performance>,2020-10-21,HQ
693,Sort a list in Python - variant 193,"<p>I need to sort a list in Python. I have tried using sort() but it doesn't seem to work for my case. My list contains both numbers and strings.</p><code>my_list = [3, 1, 'apple', 2, 'banana']</code><p>How can I sort this?</p>",<python><sorting><list>,2020-12-11,LQ_EDIT
734,React component not re-rendering when state changes [234],"<p>My React component is not re-rendering when I update the state. I am using useState but the UI does not reflect the change.</p><code>const [items, setItems] = useState([1,2,3]);
items.push(4);
setItems(items);</code><p>Why is the component not updating?</p>",<react><state><re-render><hooks>,2020-07-15,LQ_EDIT
919,CSS flexbox not centering my div,"<p>I am trying to center a div using flexbox but it is not working. Here is my code:</p><code>.container {
  display: flex;
  justify-content: center;
}</code><p>The div still appears on the left side. What am I doing wrong?</p>",<css><flexbox><html><centering>,2020-02-26,LQ_EDIT
662,Sort a list in Python,"<p>I need to sort a list in Python. I have tried using sort() but it doesn't seem to work for my case. My list contains both numbers and strings.</p><code>my_list = [3, 1, 'apple', 2, 'banana']</code><p>How can I sort this?</p>",<python><sorting><list>,2020-08-02,LQ_EDIT
686,How to read a file in Java?,"<p>I need to read a text file in Java. I found several ways to do it (BufferedReader, Scanner, Files.readAllLines) but I am not sure which one to use. Can someone suggest the best approach for reading a large text file line by line?</p>",<java><file-io><reading>,2020-04-05,LQ_EDIT
267,Understanding Python decorators with arguments - how do they work internally? [267],"<p>I understand basic Python decorators, but I am struggling with decorators that accept arguments. For example:</p><code>@my_decorator(arg1, arg2)
def my_function():
    pass</code><p>This seems to involve three levels of nested functions. Can someone break down the execution flow step by step? How does Python handle the difference between @my_decorator and @my_decorator(args)?</p><p>I am particularly confused about how functools.wraps plays into this and why it is recommended. A clear example with the execution order would be very helpful.</p>",<python><decorators><functions><metaprogramming>,2020-08-04,HQ
1170,HEEELP [170],<p>nothing works!!!</p>,,2020-09-26,LQ_CLOSE
211,Efficient way to find duplicates in a large list using Python? - variant 211,"<p>I have a list of approximately 10 million strings and need to find all duplicate entries efficiently. My current approach uses a nested loop which has O(n^2) time complexity and takes too long.</p><p>Current approach:</p><code>duplicates = []
for i in range(len(data)):
    for j in range(i+1, len(data)):
        if data[i] == data[j]:
            duplicates.append(data[i])</code><p>I have considered using a set or dictionary for O(n) lookup. What would be the most memory-efficient approach for this scale of data? Should I consider using pandas or numpy for better performance?</p>",<python><performance><algorithms><duplicates><large-dataset>,2020-10-28,HQ
370,How to properly implement authentication with JWT tokens in a Node.js API?,"<p>I am building a REST API with Node.js and Express, and I want to implement JWT-based authentication. I have a few concerns about security best practices:</p><p>1. Should I store the JWT in localStorage, sessionStorage, or an HTTP-only cookie?</p><p>2. How should I handle token refresh to maintain user sessions without forcing re-login?</p><p>3. What claims should I include in the payload?</p><p>Here is my current token generation:</p><code>const jwt = require('jsonwebtoken');
const token = jwt.sign({ userId: user.id }, process.env.SECRET, { expiresIn: '1h' });</code><p>Is a 1-hour expiration reasonable? How do I securely implement refresh tokens?</p>",<node.js><jwt><authentication><security><express>,2020-07-24,HQ
990,Git merge conflict - how to resolve? (approach 490),"<p>I got a merge conflict when trying to merge my branch into main. The file shows these markers:</p><code><<<<<<< HEAD
my changes
=======
their changes
>>>>>>> feature-branch</code><p>How do I properly resolve this?</p>",<git><merge-conflict><version-control>,2020-02-03,LQ_EDIT
763,MySQL query not returning expected results (approach 263),<p>I have a MySQL query that should return all users who signed up last month but it returns nothing. Here is my query:</p><code>SELECT * FROM users WHERE signup_date > '2024-01-01';</code><p>The table has data. What could be wrong?</p>,<mysql><sql><query>,2020-04-22,LQ_EDIT
1038,code not working - variant 38,<p>i wrote some code but it doesnt work. can someone fix it for me?</p>,<python>,2020-01-22,LQ_CLOSE
1246,code not working,<p>i wrote some code but it doesnt work. can someone fix it for me?</p>,<python>,2020-03-25,LQ_CLOSE
860,Sort a list in Python - variant 360,"<p>I need to sort a list in Python. I have tried using sort() but it doesn't seem to work for my case. My list contains both numbers and strings.</p><code>my_list = [3, 1, 'apple', 2, 'banana']</code><p>How can I sort this?</p>",<python><sorting><list>,2020-04-27,LQ_EDIT
1276,code not working,<p>i wrote some code but it doesnt work. can someone fix it for me?</p>,<python>,2020-09-17,LQ_CLOSE
1039,best programming language?,<p>which is the best programming language to learn? python or java or c++?</p>,<programming><career>,2020-11-27,LQ_CLOSE
1218,best programming language?,<p>which is the best programming language to learn? python or java or c++?</p>,<programming><career>,2020-01-15,LQ_CLOSE
1211,urgent!!! need answer now,<p>how do i fix this error??? its not working and i need to submit tomorrow. please help urgent</p>,<java>,2020-11-04,LQ_CLOSE
123,Best practices for database indexing in PostgreSQL for query optimization? [123],"<p>I have a PostgreSQL database with a table containing about 50 million rows. My queries are becoming slow, especially those with WHERE clauses on multiple columns and JOIN operations.</p><p>Current table structure:</p><code>CREATE TABLE orders (
    id SERIAL PRIMARY KEY,
    customer_id INT,
    product_id INT,
    order_date TIMESTAMP,
    total_amount DECIMAL(10,2),
    status VARCHAR(20)
);</code><p>I frequently query by customer_id, order_date ranges, and status. Should I create composite indexes? What is the impact on INSERT performance? How do I use EXPLAIN ANALYZE to identify bottlenecks?</p>",<postgresql><database><indexing><query-optimization><performance>,2020-06-05,HQ
589,How to read a file in Java?,"<p>I need to read a text file in Java. I found several ways to do it (BufferedReader, Scanner, Files.readAllLines) but I am not sure which one to use. Can someone suggest the best approach for reading a large text file line by line?</p>",<java><file-io><reading>,2020-08-16,LQ_EDIT
718,Python error: list index out of range,"<p>I keep getting an IndexError when I try to access elements in my list. My code loops through a list and tries to access the next element:</p><code>for i in range(len(my_list)):
    print(my_list[i+1])</code><p>Why does this happen and how do I fix it?</p>",<python><error><list><indexerror>,2020-08-03,LQ_EDIT
1311,need project - variant 311,<p>can someone give me a python project for my college assignment? it should be easy and about machine learning</p>,<python><machine-learning><project>,2020-08-12,LQ_CLOSE
274,Efficient way to find duplicates in a large list using Python? [274],"<p>I have a list of approximately 10 million strings and need to find all duplicate entries efficiently. My current approach uses a nested loop which has O(n^2) time complexity and takes too long.</p><p>Current approach:</p><code>duplicates = []
for i in range(len(data)):
    for j in range(i+1, len(data)):
        if data[i] == data[j]:
            duplicates.append(data[i])</code><p>I have considered using a set or dictionary for O(n) lookup. What would be the most memory-efficient approach for this scale of data? Should I consider using pandas or numpy for better performance?</p>",<python><performance><algorithms><duplicates><large-dataset>,2020-02-06,HQ
1288,is this good,<p>is my code good?</p>,<code-review>,2020-01-04,LQ_CLOSE
515,Sort a list in Python - variant 15,"<p>I need to sort a list in Python. I have tried using sort() but it doesn't seem to work for my case. My list contains both numbers and strings.</p><code>my_list = [3, 1, 'apple', 2, 'banana']</code><p>How can I sort this?</p>",<python><sorting><list>,2020-10-03,LQ_EDIT
430,How does garbage collection work in Java and when does it run? - variant 430,"<p>I am trying to understand Java's garbage collection mechanism. Specifically, I want to know:</p><p>1. How does the JVM decide which objects are eligible for garbage collection?</p><p>2. What are the different garbage collection algorithms available (Serial, Parallel, G1, ZGC)?</p><p>3. Can I force garbage collection to run, or is it always at the JVM's discretion?</p><p>I have read that calling System.gc() is just a suggestion to the JVM. In a production environment with high memory usage, what GC tuning parameters should I consider?</p>",<java><garbage-collection><jvm><memory-management><performance>,2020-05-22,HQ
830,Python error: list index out of range,"<p>I keep getting an IndexError when I try to access elements in my list. My code loops through a list and tries to access the next element:</p><code>for i in range(len(my_list)):
    print(my_list[i+1])</code><p>Why does this happen and how do I fix it?</p>",<python><error><list><indexerror>,2020-06-26,LQ_EDIT
292,Efficient way to find duplicates in a large list using Python?,"<p>I have a list of approximately 10 million strings and need to find all duplicate entries efficiently. My current approach uses a nested loop which has O(n^2) time complexity and takes too long.</p><p>Current approach:</p><code>duplicates = []
for i in range(len(data)):
    for j in range(i+1, len(data)):
        if data[i] == data[j]:
            duplicates.append(data[i])</code><p>I have considered using a set or dictionary for O(n) lookup. What would be the most memory-efficient approach for this scale of data? Should I consider using pandas or numpy for better performance?</p>",<python><performance><algorithms><duplicates><large-dataset>,2020-11-15,HQ
1257,need project,<p>can someone give me a python project for my college assignment? it should be easy and about machine learning</p>,<python><machine-learning><project>,2020-06-15,LQ_CLOSE
1499,urgent!!! need answer now,<p>how do i fix this error??? its not working and i need to submit tomorrow. please help urgent</p>,<java>,2020-10-15,LQ_CLOSE
501,Python error: list index out of range - variant 1,"<p>I keep getting an IndexError when I try to access elements in my list. My code loops through a list and tries to access the next element:</p><code>for i in range(len(my_list)):
    print(my_list[i+1])</code><p>Why does this happen and how do I fix it?</p>",<python><error><list><indexerror>,2020-09-20,LQ_EDIT
834,Git merge conflict - how to resolve?,"<p>I got a merge conflict when trying to merge my branch into main. The file shows these markers:</p><code><<<<<<< HEAD
my changes
=======
their changes
>>>>>>> feature-branch</code><p>How do I properly resolve this?</p>",<git><merge-conflict><version-control>,2020-02-11,LQ_EDIT
1433,python,<p>how to learn python fast</p>,<python>,2020-08-11,LQ_CLOSE
1087,how to hack wifi,<p>how can i hack my neighbors wifi password using python??</p>,<python><wifi><hacking>,2020-02-01,LQ_CLOSE
944,CSS flexbox not centering my div,"<p>I am trying to center a div using flexbox but it is not working. Here is my code:</p><code>.container {
  display: flex;
  justify-content: center;
}</code><p>The div still appears on the left side. What am I doing wrong?</p>",<css><flexbox><html><centering>,2020-11-13,LQ_EDIT
1480,need project - variant 480,<p>can someone give me a python project for my college assignment? it should be easy and about machine learning</p>,<python><machine-learning><project>,2020-02-24,LQ_CLOSE
1147,is this good,<p>is my code good?</p>,<code-review>,2020-03-20,LQ_CLOSE
334,Best practices for database indexing in PostgreSQL for query optimization? (approach 334),"<p>I have a PostgreSQL database with a table containing about 50 million rows. My queries are becoming slow, especially those with WHERE clauses on multiple columns and JOIN operations.</p><p>Current table structure:</p><code>CREATE TABLE orders (
    id SERIAL PRIMARY KEY,
    customer_id INT,
    product_id INT,
    order_date TIMESTAMP,
    total_amount DECIMAL(10,2),
    status VARCHAR(20)
);</code><p>I frequently query by customer_id, order_date ranges, and status. Should I create composite indexes? What is the impact on INSERT performance? How do I use EXPLAIN ANALYZE to identify bottlenecks?</p>",<postgresql><database><indexing><query-optimization><performance>,2020-06-23,HQ
359,How to properly implement authentication with JWT tokens in a Node.js API?,"<p>I am building a REST API with Node.js and Express, and I want to implement JWT-based authentication. I have a few concerns about security best practices:</p><p>1. Should I store the JWT in localStorage, sessionStorage, or an HTTP-only cookie?</p><p>2. How should I handle token refresh to maintain user sessions without forcing re-login?</p><p>3. What claims should I include in the payload?</p><p>Here is my current token generation:</p><code>const jwt = require('jsonwebtoken');
const token = jwt.sign({ userId: user.id }, process.env.SECRET, { expiresIn: '1h' });</code><p>Is a 1-hour expiration reasonable? How do I securely implement refresh tokens?</p>",<node.js><jwt><authentication><security><express>,2020-09-28,HQ
279,Understanding Python decorators with arguments - how do they work internally?,"<p>I understand basic Python decorators, but I am struggling with decorators that accept arguments. For example:</p><code>@my_decorator(arg1, arg2)
def my_function():
    pass</code><p>This seems to involve three levels of nested functions. Can someone break down the execution flow step by step? How does Python handle the difference between @my_decorator and @my_decorator(args)?</p><p>I am particularly confused about how functools.wraps plays into this and why it is recommended. A clear example with the execution order would be very helpful.</p>",<python><decorators><functions><metaprogramming>,2020-09-04,HQ
946,CSS flexbox not centering my div - variant 446,"<p>I am trying to center a div using flexbox but it is not working. Here is my code:</p><code>.container {
  display: flex;
  justify-content: center;
}</code><p>The div still appears on the left side. What am I doing wrong?</p>",<css><flexbox><html><centering>,2020-02-17,LQ_EDIT
601,Git merge conflict - how to resolve? [101],"<p>I got a merge conflict when trying to merge my branch into main. The file shows these markers:</p><code><<<<<<< HEAD
my changes
=======
their changes
>>>>>>> feature-branch</code><p>How do I properly resolve this?</p>",<git><merge-conflict><version-control>,2020-08-28,LQ_EDIT
891,MySQL query not returning expected results,<p>I have a MySQL query that should return all users who signed up last month but it returns nothing. Here is my query:</p><code>SELECT * FROM users WHERE signup_date > '2024-01-01';</code><p>The table has data. What could be wrong?</p>,<mysql><sql><query>,2020-07-15,LQ_EDIT
604,How to read a file in Java? - variant 104,"<p>I need to read a text file in Java. I found several ways to do it (BufferedReader, Scanner, Files.readAllLines) but I am not sure which one to use. Can someone suggest the best approach for reading a large text file line by line?</p>",<java><file-io><reading>,2020-11-04,LQ_EDIT
1049,how to hack wifi,<p>how can i hack my neighbors wifi password using python??</p>,<python><wifi><hacking>,2020-09-20,LQ_CLOSE
691,MySQL query not returning expected results,<p>I have a MySQL query that should return all users who signed up last month but it returns nothing. Here is my query:</p><code>SELECT * FROM users WHERE signup_date > '2024-01-01';</code><p>The table has data. What could be wrong?</p>,<mysql><sql><query>,2020-09-15,LQ_EDIT
1016,need project,<p>can someone give me a python project for my college assignment? it should be easy and about machine learning</p>,<python><machine-learning><project>,2020-04-18,LQ_CLOSE
971,Python error: list index out of range - variant 471,"<p>I keep getting an IndexError when I try to access elements in my list. My code loops through a list and tries to access the next element:</p><code>for i in range(len(my_list)):
    print(my_list[i+1])</code><p>Why does this happen and how do I fix it?</p>",<python><error><list><indexerror>,2020-06-14,LQ_EDIT
242,What is the difference between == and === operators in JavaScript?,"<p>I have been learning JavaScript and encountered both == and === operators. I understand that == checks for equality while === checks for strict equality, but I am confused about when to use each one.</p><p>For example:</p><code>console.log(1 == '1');  // true
console.log(1 === '1'); // false</code><p>Can someone explain the type coercion rules that == follows? Are there any best practices for which one to use in production code?</p>",<javascript><operators><comparison><type-coercion>,2020-03-08,HQ
1277,urgent!!! need answer now,<p>how do i fix this error??? its not working and i need to submit tomorrow. please help urgent</p>,<java>,2020-01-26,LQ_CLOSE
1371,what?,<p>what is the difference?</p>,,2020-03-10,LQ_CLOSE
1156,help plz,<p>my code doesnt work</p>,<python>,2020-09-12,LQ_CLOSE
1323,help plz - variant 323,<p>my code doesnt work</p>,<python>,2020-10-14,LQ_CLOSE
1217,need project,<p>can someone give me a python project for my college assignment? it should be easy and about machine learning</p>,<python><machine-learning><project>,2020-03-06,LQ_CLOSE
133,Best practices for database indexing in PostgreSQL for query optimization? (approach 133),"<p>I have a PostgreSQL database with a table containing about 50 million rows. My queries are becoming slow, especially those with WHERE clauses on multiple columns and JOIN operations.</p><p>Current table structure:</p><code>CREATE TABLE orders (
    id SERIAL PRIMARY KEY,
    customer_id INT,
    product_id INT,
    order_date TIMESTAMP,
    total_amount DECIMAL(10,2),
    status VARCHAR(20)
);</code><p>I frequently query by customer_id, order_date ranges, and status. Should I create composite indexes? What is the impact on INSERT performance? How do I use EXPLAIN ANALYZE to identify bottlenecks?</p>",<postgresql><database><indexing><query-optimization><performance>,2020-01-16,HQ
670,Sort a list in Python (approach 170),"<p>I need to sort a list in Python. I have tried using sort() but it doesn't seem to work for my case. My list contains both numbers and strings.</p><code>my_list = [3, 1, 'apple', 2, 'banana']</code><p>How can I sort this?</p>",<python><sorting><list>,2020-11-21,LQ_EDIT
1106,how to hack wifi [106],<p>how can i hack my neighbors wifi password using python??</p>,<python><wifi><hacking>,2020-12-28,LQ_CLOSE
506,React component not re-rendering when state changes - variant 6,"<p>My React component is not re-rendering when I update the state. I am using useState but the UI does not reflect the change.</p><code>const [items, setItems] = useState([1,2,3]);
items.push(4);
setItems(items);</code><p>Why is the component not updating?</p>",<react><state><re-render><hooks>,2020-11-09,LQ_EDIT
228,How does garbage collection work in Java and when does it run? [228],"<p>I am trying to understand Java's garbage collection mechanism. Specifically, I want to know:</p><p>1. How does the JVM decide which objects are eligible for garbage collection?</p><p>2. What are the different garbage collection algorithms available (Serial, Parallel, G1, ZGC)?</p><p>3. Can I force garbage collection to run, or is it always at the JVM's discretion?</p><p>I have read that calling System.gc() is just a suggestion to the JVM. In a production environment with high memory usage, what GC tuning parameters should I consider?</p>",<java><garbage-collection><jvm><memory-management><performance>,2020-01-18,HQ
1011,HEEELP,<p>nothing works!!!</p>,,2020-10-15,LQ_CLOSE
1300,error,<p>getting an error. why?</p>,,2020-07-14,LQ_CLOSE
1275,error - variant 275,<p>getting an error. why?</p>,,2020-03-11,LQ_CLOSE
448,Understanding Python decorators with arguments - how do they work internally?,"<p>I understand basic Python decorators, but I am struggling with decorators that accept arguments. For example:</p><code>@my_decorator(arg1, arg2)
def my_function():
    pass</code><p>This seems to involve three levels of nested functions. Can someone break down the execution flow step by step? How does Python handle the difference between @my_decorator and @my_decorator(args)?</p><p>I am particularly confused about how functools.wraps plays into this and why it is recommended. A clear example with the execution order would be very helpful.</p>",<python><decorators><functions><metaprogramming>,2020-04-19,HQ
1135,need project,<p>can someone give me a python project for my college assignment? it should be easy and about machine learning</p>,<python><machine-learning><project>,2020-12-12,LQ_CLOSE
1306,need project - variant 306,<p>can someone give me a python project for my college assignment? it should be easy and about machine learning</p>,<python><machine-learning><project>,2020-06-06,LQ_CLOSE
179,Best practices for database indexing in PostgreSQL for query optimization? - variant 179,"<p>I have a PostgreSQL database with a table containing about 50 million rows. My queries are becoming slow, especially those with WHERE clauses on multiple columns and JOIN operations.</p><p>Current table structure:</p><code>CREATE TABLE orders (
    id SERIAL PRIMARY KEY,
    customer_id INT,
    product_id INT,
    order_date TIMESTAMP,
    total_amount DECIMAL(10,2),
    status VARCHAR(20)
);</code><p>I frequently query by customer_id, order_date ranges, and status. Should I create composite indexes? What is the impact on INSERT performance? How do I use EXPLAIN ANALYZE to identify bottlenecks?</p>",<postgresql><database><indexing><query-optimization><performance>,2020-09-21,HQ
1252,how to hack wifi,<p>how can i hack my neighbors wifi password using python??</p>,<python><wifi><hacking>,2020-09-17,LQ_CLOSE
354,How to handle CORS errors in a React app calling a REST API?,"<p>I am building a React frontend that calls a Node.js Express backend API. When I make fetch requests from my React app (running on localhost:3000) to my API (running on localhost:5000), I get the following error:</p><code>Access to fetch at 'http://localhost:5000/api/data' from origin 'http://localhost:3000' has been blocked by CORS policy</code><p>I have tried adding the cors middleware to my Express server but the error persists. Here is my Express configuration:</p><code>const cors = require('cors');
app.use(cors());</code><p>What am I missing? Is there a way to configure CORS headers properly for both development and production environments?</p>",<javascript><react><cors><express><rest-api>,2020-10-19,HQ
1081,best programming language?,<p>which is the best programming language to learn? python or java or c++?</p>,<programming><career>,2020-08-03,LQ_CLOSE
1375,how to hack wifi - variant 375,<p>how can i hack my neighbors wifi password using python??</p>,<python><wifi><hacking>,2020-06-28,LQ_CLOSE
761,Docker container exits immediately after starting - variant 261,<p>My Docker container starts and then immediately exits. I am running:</p><code>docker run my-app</code><p>When I check the logs there is nothing useful. The Dockerfile uses a Python base image. What could cause this behavior?</p>,<docker><container><python>,2020-11-10,LQ_EDIT
163,How to implement a binary search tree in Python with O(log n) lookup? [163],"<p>I am working on a data structures course and need to implement a binary search tree (BST) in Python. I need the tree to support insertion, deletion, and lookup operations with O(log n) average time complexity.</p><p>Here is what I have so far:</p><code>class Node:
    def __init__(self, key):
        self.left = None
        self.right = None
        self.val = key</code><p>How can I implement the lookup method efficiently? I have read about balanced BSTs like AVL trees - would that be necessary for guaranteed O(log n)?</p>",<python><data-structures><binary-search-tree><algorithm>,2020-02-12,HQ
551,Python error: list index out of range [51],"<p>I keep getting an IndexError when I try to access elements in my list. My code loops through a list and tries to access the next element:</p><code>for i in range(len(my_list)):
    print(my_list[i+1])</code><p>Why does this happen and how do I fix it?</p>",<python><error><list><indexerror>,2020-08-03,LQ_EDIT
820,CSS flexbox not centering my div (approach 320),"<p>I am trying to center a div using flexbox but it is not working. Here is my code:</p><code>.container {
  display: flex;
  justify-content: center;
}</code><p>The div still appears on the left side. What am I doing wrong?</p>",<css><flexbox><html><centering>,2020-07-28,LQ_EDIT
784,CSS flexbox not centering my div - variant 284,"<p>I am trying to center a div using flexbox but it is not working. Here is my code:</p><code>.container {
  display: flex;
  justify-content: center;
}</code><p>The div still appears on the left side. What am I doing wrong?</p>",<css><flexbox><html><centering>,2020-04-05,LQ_EDIT
708,How to read a file in Java? (approach 208),"<p>I need to read a text file in Java. I found several ways to do it (BufferedReader, Scanner, Files.readAllLines) but I am not sure which one to use. Can someone suggest the best approach for reading a large text file line by line?</p>",<java><file-io><reading>,2020-01-10,LQ_EDIT
728,CSS flexbox not centering my div,"<p>I am trying to center a div using flexbox but it is not working. Here is my code:</p><code>.container {
  display: flex;
  justify-content: center;
}</code><p>The div still appears on the left side. What am I doing wrong?</p>",<css><flexbox><html><centering>,2020-09-16,LQ_EDIT
1189,how to hack wifi [189],<p>how can i hack my neighbors wifi password using python??</p>,<python><wifi><hacking>,2020-09-01,LQ_CLOSE
975,React component not re-rendering when state changes,"<p>My React component is not re-rendering when I update the state. I am using useState but the UI does not reflect the change.</p><code>const [items, setItems] = useState([1,2,3]);
items.push(4);
setItems(items);</code><p>Why is the component not updating?</p>",<react><state><re-render><hooks>,2020-10-28,LQ_EDIT
1005,code not working (approach 5),<p>i wrote some code but it doesnt work. can someone fix it for me?</p>,<python>,2020-07-09,LQ_CLOSE
542,Python error: list index out of range [42],"<p>I keep getting an IndexError when I try to access elements in my list. My code loops through a list and tries to access the next element:</p><code>for i in range(len(my_list)):
    print(my_list[i+1])</code><p>Why does this happen and how do I fix it?</p>",<python><error><list><indexerror>,2020-07-03,LQ_EDIT
309,Efficient way to find duplicates in a large list using Python?,"<p>I have a list of approximately 10 million strings and need to find all duplicate entries efficiently. My current approach uses a nested loop which has O(n^2) time complexity and takes too long.</p><p>Current approach:</p><code>duplicates = []
for i in range(len(data)):
    for j in range(i+1, len(data)):
        if data[i] == data[j]:
            duplicates.append(data[i])</code><p>I have considered using a set or dictionary for O(n) lookup. What would be the most memory-efficient approach for this scale of data? Should I consider using pandas or numpy for better performance?</p>",<python><performance><algorithms><duplicates><large-dataset>,2020-12-11,HQ
1326,best programming language? (approach 326),<p>which is the best programming language to learn? python or java or c++?</p>,<programming><career>,2020-07-26,LQ_CLOSE
1489,help plz - variant 489,<p>my code doesnt work</p>,<python>,2020-12-08,LQ_CLOSE
563,React component not re-rendering when state changes (approach 63),"<p>My React component is not re-rendering when I update the state. I am using useState but the UI does not reflect the change.</p><code>const [items, setItems] = useState([1,2,3]);
items.push(4);
setItems(items);</code><p>Why is the component not updating?</p>",<react><state><re-render><hooks>,2020-07-27,LQ_EDIT
1379,HEEELP,<p>nothing works!!!</p>,,2020-10-10,LQ_CLOSE
1330,python [330],<p>how to learn python fast</p>,<python>,2020-10-01,LQ_CLOSE
1487,need project,<p>can someone give me a python project for my college assignment? it should be easy and about machine learning</p>,<python><machine-learning><project>,2020-02-03,LQ_CLOSE
417,How to properly implement authentication with JWT tokens in a Node.js API? [417],"<p>I am building a REST API with Node.js and Express, and I want to implement JWT-based authentication. I have a few concerns about security best practices:</p><p>1. Should I store the JWT in localStorage, sessionStorage, or an HTTP-only cookie?</p><p>2. How should I handle token refresh to maintain user sessions without forcing re-login?</p><p>3. What claims should I include in the payload?</p><p>Here is my current token generation:</p><code>const jwt = require('jsonwebtoken');
const token = jwt.sign({ userId: user.id }, process.env.SECRET, { expiresIn: '1h' });</code><p>Is a 1-hour expiration reasonable? How do I securely implement refresh tokens?</p>",<node.js><jwt><authentication><security><express>,2020-09-09,HQ
202,How does garbage collection work in Java and when does it run? (approach 202),"<p>I am trying to understand Java's garbage collection mechanism. Specifically, I want to know:</p><p>1. How does the JVM decide which objects are eligible for garbage collection?</p><p>2. What are the different garbage collection algorithms available (Serial, Parallel, G1, ZGC)?</p><p>3. Can I force garbage collection to run, or is it always at the JVM's discretion?</p><p>I have read that calling System.gc() is just a suggestion to the JVM. In a production environment with high memory usage, what GC tuning parameters should I consider?</p>",<java><garbage-collection><jvm><memory-management><performance>,2020-10-22,HQ
60,What is the difference between == and === operators in JavaScript?,"<p>I have been learning JavaScript and encountered both == and === operators. I understand that == checks for equality while === checks for strict equality, but I am confused about when to use each one.</p><p>For example:</p><code>console.log(1 == '1');  // true
console.log(1 === '1'); // false</code><p>Can someone explain the type coercion rules that == follows? Are there any best practices for which one to use in production code?</p>",<javascript><operators><comparison><type-coercion>,2020-04-15,HQ
600,Sort a list in Python,"<p>I need to sort a list in Python. I have tried using sort() but it doesn't seem to work for my case. My list contains both numbers and strings.</p><code>my_list = [3, 1, 'apple', 2, 'banana']</code><p>How can I sort this?</p>",<python><sorting><list>,2020-05-22,LQ_EDIT
665,React component not re-rendering when state changes [165],"<p>My React component is not re-rendering when I update the state. I am using useState but the UI does not reflect the change.</p><code>const [items, setItems] = useState([1,2,3]);
items.push(4);
setItems(items);</code><p>Why is the component not updating?</p>",<react><state><re-render><hooks>,2020-09-13,LQ_EDIT
438,What is the difference between == and === operators in JavaScript? [438],"<p>I have been learning JavaScript and encountered both == and === operators. I understand that == checks for equality while === checks for strict equality, but I am confused about when to use each one.</p><p>For example:</p><code>console.log(1 == '1');  // true
console.log(1 === '1'); // false</code><p>Can someone explain the type coercion rules that == follows? Are there any best practices for which one to use in production code?</p>",<javascript><operators><comparison><type-coercion>,2020-03-18,HQ
918,Sort a list in Python,"<p>I need to sort a list in Python. I have tried using sort() but it doesn't seem to work for my case. My list contains both numbers and strings.</p><code>my_list = [3, 1, 'apple', 2, 'banana']</code><p>How can I sort this?</p>",<python><sorting><list>,2020-11-10,LQ_EDIT
912,CSS flexbox not centering my div (approach 412),"<p>I am trying to center a div using flexbox but it is not working. Here is my code:</p><code>.container {
  display: flex;
  justify-content: center;
}</code><p>The div still appears on the left side. What am I doing wrong?</p>",<css><flexbox><html><centering>,2020-12-26,LQ_EDIT
672,Docker container exits immediately after starting [172],<p>My Docker container starts and then immediately exits. I am running:</p><code>docker run my-app</code><p>When I check the logs there is nothing useful. The Dockerfile uses a Python base image. What could cause this behavior?</p>,<docker><container><python>,2020-06-15,LQ_EDIT
856,Git merge conflict - how to resolve? (approach 356),"<p>I got a merge conflict when trying to merge my branch into main. The file shows these markers:</p><code><<<<<<< HEAD
my changes
=======
their changes
>>>>>>> feature-branch</code><p>How do I properly resolve this?</p>",<git><merge-conflict><version-control>,2020-07-11,LQ_EDIT
1158,help plz (approach 158),<p>my code doesnt work</p>,<python>,2020-01-09,LQ_CLOSE
552,CSS flexbox not centering my div - variant 52,"<p>I am trying to center a div using flexbox but it is not working. Here is my code:</p><code>.container {
  display: flex;
  justify-content: center;
}</code><p>The div still appears on the left side. What am I doing wrong?</p>",<css><flexbox><html><centering>,2020-04-13,LQ_EDIT
898,Docker container exits immediately after starting,<p>My Docker container starts and then immediately exits. I am running:</p><code>docker run my-app</code><p>When I check the logs there is nothing useful. The Dockerfile uses a Python base image. What could cause this behavior?</p>,<docker><container><python>,2020-10-15,LQ_EDIT
505,Python error: list index out of range [5],"<p>I keep getting an IndexError when I try to access elements in my list. My code loops through a list and tries to access the next element:</p><code>for i in range(len(my_list)):
    print(my_list[i+1])</code><p>Why does this happen and how do I fix it?</p>",<python><error><list><indexerror>,2020-02-28,LQ_EDIT
857,React component not re-rendering when state changes [357],"<p>My React component is not re-rendering when I update the state. I am using useState but the UI does not reflect the change.</p><code>const [items, setItems] = useState([1,2,3]);
items.push(4);
setItems(items);</code><p>Why is the component not updating?</p>",<react><state><re-render><hooks>,2020-05-09,LQ_EDIT
182,Best practices for database indexing in PostgreSQL for query optimization?,"<p>I have a PostgreSQL database with a table containing about 50 million rows. My queries are becoming slow, especially those with WHERE clauses on multiple columns and JOIN operations.</p><p>Current table structure:</p><code>CREATE TABLE orders (
    id SERIAL PRIMARY KEY,
    customer_id INT,
    product_id INT,
    order_date TIMESTAMP,
    total_amount DECIMAL(10,2),
    status VARCHAR(20)
);</code><p>I frequently query by customer_id, order_date ranges, and status. Should I create composite indexes? What is the impact on INSERT performance? How do I use EXPLAIN ANALYZE to identify bottlenecks?</p>",<postgresql><database><indexing><query-optimization><performance>,2020-01-27,HQ
719,Sort a list in Python,"<p>I need to sort a list in Python. I have tried using sort() but it doesn't seem to work for my case. My list contains both numbers and strings.</p><code>my_list = [3, 1, 'apple', 2, 'banana']</code><p>How can I sort this?</p>",<python><sorting><list>,2020-08-22,LQ_EDIT
1408,python,<p>how to learn python fast</p>,<python>,2020-11-07,LQ_CLOSE
1339,how to hack wifi,<p>how can i hack my neighbors wifi password using python??</p>,<python><wifi><hacking>,2020-03-14,LQ_CLOSE
939,Python error: list index out of range (approach 439),"<p>I keep getting an IndexError when I try to access elements in my list. My code loops through a list and tries to access the next element:</p><code>for i in range(len(my_list)):
    print(my_list[i+1])</code><p>Why does this happen and how do I fix it?</p>",<python><error><list><indexerror>,2020-09-09,LQ_EDIT
1319,urgent!!! need answer now - variant 319,<p>how do i fix this error??? its not working and i need to submit tomorrow. please help urgent</p>,<java>,2020-06-13,LQ_CLOSE
1469,python,<p>how to learn python fast</p>,<python>,2020-07-19,LQ_CLOSE
594,Docker container exits immediately after starting (approach 94),<p>My Docker container starts and then immediately exits. I am running:</p><code>docker run my-app</code><p>When I check the logs there is nothing useful. The Dockerfile uses a Python base image. What could cause this behavior?</p>,<docker><container><python>,2020-12-05,LQ_EDIT
1265,what? [265],<p>what is the difference?</p>,,2020-01-16,LQ_CLOSE
75,How to implement a binary search tree in Python with O(log n) lookup? - variant 75,"<p>I am working on a data structures course and need to implement a binary search tree (BST) in Python. I need the tree to support insertion, deletion, and lookup operations with O(log n) average time complexity.</p><p>Here is what I have so far:</p><code>class Node:
    def __init__(self, key):
        self.left = None
        self.right = None
        self.val = key</code><p>How can I implement the lookup method efficiently? I have read about balanced BSTs like AVL trees - would that be necessary for guaranteed O(log n)?</p>",<python><data-structures><binary-search-tree><algorithm>,2020-03-26,HQ
1008,urgent!!! need answer now - variant 8,<p>how do i fix this error??? its not working and i need to submit tomorrow. please help urgent</p>,<java>,2020-10-23,LQ_CLOSE
1145,is this good [145],<p>is my code good?</p>,<code-review>,2020-02-11,LQ_CLOSE
1485,is this good,<p>is my code good?</p>,<code-review>,2020-03-25,LQ_CLOSE
576,Docker container exits immediately after starting [76],<p>My Docker container starts and then immediately exits. I am running:</p><code>docker run my-app</code><p>When I check the logs there is nothing useful. The Dockerfile uses a Python base image. What could cause this behavior?</p>,<docker><container><python>,2020-10-14,LQ_EDIT
512,MySQL query not returning expected results,<p>I have a MySQL query that should return all users who signed up last month but it returns nothing. Here is my query:</p><code>SELECT * FROM users WHERE signup_date > '2024-01-01';</code><p>The table has data. What could be wrong?</p>,<mysql><sql><query>,2020-05-25,LQ_EDIT
1249,plz send me the code,<p>i need to make a website. can someone send me the full code? i dont know html</p>,<html><website>,2020-07-14,LQ_CLOSE
848,CSS flexbox not centering my div (approach 348),"<p>I am trying to center a div using flexbox but it is not working. Here is my code:</p><code>.container {
  display: flex;
  justify-content: center;
}</code><p>The div still appears on the left side. What am I doing wrong?</p>",<css><flexbox><html><centering>,2020-02-22,LQ_EDIT
656,Docker container exits immediately after starting [156],<p>My Docker container starts and then immediately exits. I am running:</p><code>docker run my-app</code><p>When I check the logs there is nothing useful. The Dockerfile uses a Python base image. What could cause this behavior?</p>,<docker><container><python>,2020-01-14,LQ_EDIT
426,Best practices for database indexing in PostgreSQL for query optimization? (approach 426),"<p>I have a PostgreSQL database with a table containing about 50 million rows. My queries are becoming slow, especially those with WHERE clauses on multiple columns and JOIN operations.</p><p>Current table structure:</p><code>CREATE TABLE orders (
    id SERIAL PRIMARY KEY,
    customer_id INT,
    product_id INT,
    order_date TIMESTAMP,
    total_amount DECIMAL(10,2),
    status VARCHAR(20)
);</code><p>I frequently query by customer_id, order_date ranges, and status. Should I create composite indexes? What is the impact on INSERT performance? How do I use EXPLAIN ANALYZE to identify bottlenecks?</p>",<postgresql><database><indexing><query-optimization><performance>,2020-02-03,HQ
1490,how to hack wifi,<p>how can i hack my neighbors wifi password using python??</p>,<python><wifi><hacking>,2020-01-01,LQ_CLOSE
229,How to properly implement authentication with JWT tokens in a Node.js API?,"<p>I am building a REST API with Node.js and Express, and I want to implement JWT-based authentication. I have a few concerns about security best practices:</p><p>1. Should I store the JWT in localStorage, sessionStorage, or an HTTP-only cookie?</p><p>2. How should I handle token refresh to maintain user sessions without forcing re-login?</p><p>3. What claims should I include in the payload?</p><p>Here is my current token generation:</p><code>const jwt = require('jsonwebtoken');
const token = jwt.sign({ userId: user.id }, process.env.SECRET, { expiresIn: '1h' });</code><p>Is a 1-hour expiration reasonable? How do I securely implement refresh tokens?</p>",<node.js><jwt><authentication><security><express>,2020-06-23,HQ
959,How to read a file in Java?,"<p>I need to read a text file in Java. I found several ways to do it (BufferedReader, Scanner, Files.readAllLines) but I am not sure which one to use. Can someone suggest the best approach for reading a large text file line by line?</p>",<java><file-io><reading>,2020-04-14,LQ_EDIT
213,How does garbage collection work in Java and when does it run?,"<p>I am trying to understand Java's garbage collection mechanism. Specifically, I want to know:</p><p>1. How does the JVM decide which objects are eligible for garbage collection?</p><p>2. What are the different garbage collection algorithms available (Serial, Parallel, G1, ZGC)?</p><p>3. Can I force garbage collection to run, or is it always at the JVM's discretion?</p><p>I have read that calling System.gc() is just a suggestion to the JVM. In a production environment with high memory usage, what GC tuning parameters should I consider?</p>",<java><garbage-collection><jvm><memory-management><performance>,2020-12-19,HQ
472,How does garbage collection work in Java and when does it run? - variant 472,"<p>I am trying to understand Java's garbage collection mechanism. Specifically, I want to know:</p><p>1. How does the JVM decide which objects are eligible for garbage collection?</p><p>2. What are the different garbage collection algorithms available (Serial, Parallel, G1, ZGC)?</p><p>3. Can I force garbage collection to run, or is it always at the JVM's discretion?</p><p>I have read that calling System.gc() is just a suggestion to the JVM. In a production environment with high memory usage, what GC tuning parameters should I consider?</p>",<java><garbage-collection><jvm><memory-management><performance>,2020-05-03,HQ
406,Understanding Python decorators with arguments - how do they work internally?,"<p>I understand basic Python decorators, but I am struggling with decorators that accept arguments. For example:</p><code>@my_decorator(arg1, arg2)
def my_function():
    pass</code><p>This seems to involve three levels of nested functions. Can someone break down the execution flow step by step? How does Python handle the difference between @my_decorator and @my_decorator(args)?</p><p>I am particularly confused about how functools.wraps plays into this and why it is recommended. A clear example with the execution order would be very helpful.</p>",<python><decorators><functions><metaprogramming>,2020-03-23,HQ
386,What is the difference between == and === operators in JavaScript? (approach 386),"<p>I have been learning JavaScript and encountered both == and === operators. I understand that == checks for equality while === checks for strict equality, but I am confused about when to use each one.</p><p>For example:</p><code>console.log(1 == '1');  // true
console.log(1 === '1'); // false</code><p>Can someone explain the type coercion rules that == follows? Are there any best practices for which one to use in production code?</p>",<javascript><operators><comparison><type-coercion>,2020-08-07,HQ
1416,best programming language? (approach 416),<p>which is the best programming language to learn? python or java or c++?</p>,<programming><career>,2020-07-02,LQ_CLOSE
1479,HEEELP - variant 479,<p>nothing works!!!</p>,,2020-07-23,LQ_CLOSE
1266,plz send me the code,<p>i need to make a website. can someone send me the full code? i dont know html</p>,<html><website>,2020-04-17,LQ_CLOSE
553,Docker container exits immediately after starting,<p>My Docker container starts and then immediately exits. I am running:</p><code>docker run my-app</code><p>When I check the logs there is nothing useful. The Dockerfile uses a Python base image. What could cause this behavior?</p>,<docker><container><python>,2020-01-07,LQ_EDIT
1318,how to hack wifi [318],<p>how can i hack my neighbors wifi password using python??</p>,<python><wifi><hacking>,2020-02-03,LQ_CLOSE
895,MySQL query not returning expected results,<p>I have a MySQL query that should return all users who signed up last month but it returns nothing. Here is my query:</p><code>SELECT * FROM users WHERE signup_date > '2024-01-01';</code><p>The table has data. What could be wrong?</p>,<mysql><sql><query>,2020-11-24,LQ_EDIT
1273,is this good - variant 273,<p>is my code good?</p>,<code-review>,2020-06-04,LQ_CLOSE
923,Docker container exits immediately after starting (approach 423),<p>My Docker container starts and then immediately exits. I am running:</p><code>docker run my-app</code><p>When I check the logs there is nothing useful. The Dockerfile uses a Python base image. What could cause this behavior?</p>,<docker><container><python>,2020-05-21,LQ_EDIT
792,Sort a list in Python (approach 292),"<p>I need to sort a list in Python. I have tried using sort() but it doesn't seem to work for my case. My list contains both numbers and strings.</p><code>my_list = [3, 1, 'apple', 2, 'banana']</code><p>How can I sort this?</p>",<python><sorting><list>,2020-12-11,LQ_EDIT
804,React component not re-rendering when state changes,"<p>My React component is not re-rendering when I update the state. I am using useState but the UI does not reflect the change.</p><code>const [items, setItems] = useState([1,2,3]);
items.push(4);
setItems(items);</code><p>Why is the component not updating?</p>",<react><state><re-render><hooks>,2020-09-26,LQ_EDIT
1050,python,<p>how to learn python fast</p>,<python>,2020-08-09,LQ_CLOSE
1457,best programming language? (approach 457),<p>which is the best programming language to learn? python or java or c++?</p>,<programming><career>,2020-07-21,LQ_CLOSE
1169,plz send me the code,<p>i need to make a website. can someone send me the full code? i dont know html</p>,<html><website>,2020-01-24,LQ_CLOSE
878,Python error: list index out of range [378],"<p>I keep getting an IndexError when I try to access elements in my list. My code loops through a list and tries to access the next element:</p><code>for i in range(len(my_list)):
    print(my_list[i+1])</code><p>Why does this happen and how do I fix it?</p>",<python><error><list><indexerror>,2020-01-11,LQ_EDIT
940,How to read a file in Java? - variant 440,"<p>I need to read a text file in Java. I found several ways to do it (BufferedReader, Scanner, Files.readAllLines) but I am not sure which one to use. Can someone suggest the best approach for reading a large text file line by line?</p>",<java><file-io><reading>,2020-08-17,LQ_EDIT
534,Sort a list in Python (approach 34),"<p>I need to sort a list in Python. I have tried using sort() but it doesn't seem to work for my case. My list contains both numbers and strings.</p><code>my_list = [3, 1, 'apple', 2, 'banana']</code><p>How can I sort this?</p>",<python><sorting><list>,2020-02-23,LQ_EDIT
695,Sort a list in Python [195],"<p>I need to sort a list in Python. I have tried using sort() but it doesn't seem to work for my case. My list contains both numbers and strings.</p><code>my_list = [3, 1, 'apple', 2, 'banana']</code><p>How can I sort this?</p>",<python><sorting><list>,2020-06-22,LQ_EDIT
1442,error [442],<p>getting an error. why?</p>,,2020-04-02,LQ_CLOSE
381,How to handle CORS errors in a React app calling a REST API? [381],"<p>I am building a React frontend that calls a Node.js Express backend API. When I make fetch requests from my React app (running on localhost:3000) to my API (running on localhost:5000), I get the following error:</p><code>Access to fetch at 'http://localhost:5000/api/data' from origin 'http://localhost:3000' has been blocked by CORS policy</code><p>I have tried adding the cors middleware to my Express server but the error persists. Here is my Express configuration:</p><code>const cors = require('cors');
app.use(cors());</code><p>What am I missing? Is there a way to configure CORS headers properly for both development and production environments?</p>",<javascript><react><cors><express><rest-api>,2020-08-12,HQ
1017,urgent!!! need answer now - variant 17,<p>how do i fix this error??? its not working and i need to submit tomorrow. please help urgent</p>,<java>,2020-04-03,LQ_CLOSE
550,Git merge conflict - how to resolve?,"<p>I got a merge conflict when trying to merge my branch into main. The file shows these markers:</p><code><<<<<<< HEAD
my changes
=======
their changes
>>>>>>> feature-branch</code><p>How do I properly resolve this?</p>",<git><merge-conflict><version-control>,2020-08-06,LQ_EDIT
634,Sort a list in Python,"<p>I need to sort a list in Python. I have tried using sort() but it doesn't seem to work for my case. My list contains both numbers and strings.</p><code>my_list = [3, 1, 'apple', 2, 'banana']</code><p>How can I sort this?</p>",<python><sorting><list>,2020-01-15,LQ_EDIT
1484,error [484],<p>getting an error. why?</p>,,2020-01-14,LQ_CLOSE
69,Efficient way to find duplicates in a large list using Python? [69],"<p>I have a list of approximately 10 million strings and need to find all duplicate entries efficiently. My current approach uses a nested loop which has O(n^2) time complexity and takes too long.</p><p>Current approach:</p><code>duplicates = []
for i in range(len(data)):
    for j in range(i+1, len(data)):
        if data[i] == data[j]:
            duplicates.append(data[i])</code><p>I have considered using a set or dictionary for O(n) lookup. What would be the most memory-efficient approach for this scale of data? Should I consider using pandas or numpy for better performance?</p>",<python><performance><algorithms><duplicates><large-dataset>,2020-11-19,HQ
972,Git merge conflict - how to resolve? [472],"<p>I got a merge conflict when trying to merge my branch into main. The file shows these markers:</p><code><<<<<<< HEAD
my changes
=======
their changes
>>>>>>> feature-branch</code><p>How do I properly resolve this?</p>",<git><merge-conflict><version-control>,2020-02-18,LQ_EDIT
374,How to implement a binary search tree in Python with O(log n) lookup?,"<p>I am working on a data structures course and need to implement a binary search tree (BST) in Python. I need the tree to support insertion, deletion, and lookup operations with O(log n) average time complexity.</p><p>Here is what I have so far:</p><code>class Node:
    def __init__(self, key):
        self.left = None
        self.right = None
        self.val = key</code><p>How can I implement the lookup method efficiently? I have read about balanced BSTs like AVL trees - would that be necessary for guaranteed O(log n)?</p>",<python><data-structures><binary-search-tree><algorithm>,2020-10-20,HQ
1002,HEEELP [2],<p>nothing works!!!</p>,,2020-05-05,LQ_CLOSE
338,Efficient way to find duplicates in a large list using Python? [338],"<p>I have a list of approximately 10 million strings and need to find all duplicate entries efficiently. My current approach uses a nested loop which has O(n^2) time complexity and takes too long.</p><p>Current approach:</p><code>duplicates = []
for i in range(len(data)):
    for j in range(i+1, len(data)):
        if data[i] == data[j]:
            duplicates.append(data[i])</code><p>I have considered using a set or dictionary for O(n) lookup. What would be the most memory-efficient approach for this scale of data? Should I consider using pandas or numpy for better performance?</p>",<python><performance><algorithms><duplicates><large-dataset>,2020-06-06,HQ
1447,plz send me the code (approach 447),<p>i need to make a website. can someone send me the full code? i dont know html</p>,<html><website>,2020-08-22,LQ_CLOSE
853,Sort a list in Python,"<p>I need to sort a list in Python. I have tried using sort() but it doesn't seem to work for my case. My list contains both numbers and strings.</p><code>my_list = [3, 1, 'apple', 2, 'banana']</code><p>How can I sort this?</p>",<python><sorting><list>,2020-10-17,LQ_EDIT
1150,python,<p>how to learn python fast</p>,<python>,2020-01-22,LQ_CLOSE
584,React component not re-rendering when state changes,"<p>My React component is not re-rendering when I update the state. I am using useState but the UI does not reflect the change.</p><code>const [items, setItems] = useState([1,2,3]);
items.push(4);
setItems(items);</code><p>Why is the component not updating?</p>",<react><state><re-render><hooks>,2020-06-11,LQ_EDIT
1298,need project (approach 298),<p>can someone give me a python project for my college assignment? it should be easy and about machine learning</p>,<python><machine-learning><project>,2020-09-01,LQ_CLOSE
436,How to handle CORS errors in a React app calling a REST API? (approach 436),"<p>I am building a React frontend that calls a Node.js Express backend API. When I make fetch requests from my React app (running on localhost:3000) to my API (running on localhost:5000), I get the following error:</p><code>Access to fetch at 'http://localhost:5000/api/data' from origin 'http://localhost:3000' has been blocked by CORS policy</code><p>I have tried adding the cors middleware to my Express server but the error persists. Here is my Express configuration:</p><code>const cors = require('cors');
app.use(cors());</code><p>What am I missing? Is there a way to configure CORS headers properly for both development and production environments?</p>",<javascript><react><cors><express><rest-api>,2020-06-08,HQ
793,MySQL query not returning expected results (approach 293),<p>I have a MySQL query that should return all users who signed up last month but it returns nothing. Here is my query:</p><code>SELECT * FROM users WHERE signup_date > '2024-01-01';</code><p>The table has data. What could be wrong?</p>,<mysql><sql><query>,2020-02-11,LQ_EDIT
1475,error,<p>getting an error. why?</p>,,2020-03-25,LQ_CLOSE
1207,what? (approach 207),<p>what is the difference?</p>,,2020-07-26,LQ_CLOSE
115,Efficient way to find duplicates in a large list using Python? (approach 115),"<p>I have a list of approximately 10 million strings and need to find all duplicate entries efficiently. My current approach uses a nested loop which has O(n^2) time complexity and takes too long.</p><p>Current approach:</p><code>duplicates = []
for i in range(len(data)):
    for j in range(i+1, len(data)):
        if data[i] == data[j]:
            duplicates.append(data[i])</code><p>I have considered using a set or dictionary for O(n) lookup. What would be the most memory-efficient approach for this scale of data? Should I consider using pandas or numpy for better performance?</p>",<python><performance><algorithms><duplicates><large-dataset>,2020-09-07,HQ
1428,error [428],<p>getting an error. why?</p>,,2020-10-03,LQ_CLOSE
587,How to read a file in Java?,"<p>I need to read a text file in Java. I found several ways to do it (BufferedReader, Scanner, Files.readAllLines) but I am not sure which one to use. Can someone suggest the best approach for reading a large text file line by line?</p>",<java><file-io><reading>,2020-03-10,LQ_EDIT
50,Best practices for database indexing in PostgreSQL for query optimization?,"<p>I have a PostgreSQL database with a table containing about 50 million rows. My queries are becoming slow, especially those with WHERE clauses on multiple columns and JOIN operations.</p><p>Current table structure:</p><code>CREATE TABLE orders (
    id SERIAL PRIMARY KEY,
    customer_id INT,
    product_id INT,
    order_date TIMESTAMP,
    total_amount DECIMAL(10,2),
    status VARCHAR(20)
);</code><p>I frequently query by customer_id, order_date ranges, and status. Should I create composite indexes? What is the impact on INSERT performance? How do I use EXPLAIN ANALYZE to identify bottlenecks?</p>",<postgresql><database><indexing><query-optimization><performance>,2020-10-27,HQ
657,Python error: list index out of range (approach 157),"<p>I keep getting an IndexError when I try to access elements in my list. My code loops through a list and tries to access the next element:</p><code>for i in range(len(my_list)):
    print(my_list[i+1])</code><p>Why does this happen and how do I fix it?</p>",<python><error><list><indexerror>,2020-06-04,LQ_EDIT
713,Sort a list in Python [213],"<p>I need to sort a list in Python. I have tried using sort() but it doesn't seem to work for my case. My list contains both numbers and strings.</p><code>my_list = [3, 1, 'apple', 2, 'banana']</code><p>How can I sort this?</p>",<python><sorting><list>,2020-11-12,LQ_EDIT
1494,code not working (approach 494),<p>i wrote some code but it doesnt work. can someone fix it for me?</p>,<python>,2020-08-10,LQ_CLOSE
470,Understanding Python decorators with arguments - how do they work internally? - variant 470,"<p>I understand basic Python decorators, but I am struggling with decorators that accept arguments. For example:</p><code>@my_decorator(arg1, arg2)
def my_function():
    pass</code><p>This seems to involve three levels of nested functions. Can someone break down the execution flow step by step? How does Python handle the difference between @my_decorator and @my_decorator(args)?</p><p>I am particularly confused about how functools.wraps plays into this and why it is recommended. A clear example with the execution order would be very helpful.</p>",<python><decorators><functions><metaprogramming>,2020-06-25,HQ
683,Docker container exits immediately after starting,<p>My Docker container starts and then immediately exits. I am running:</p><code>docker run my-app</code><p>When I check the logs there is nothing useful. The Dockerfile uses a Python base image. What could cause this behavior?</p>,<docker><container><python>,2020-05-21,LQ_EDIT
809,How to read a file in Java? (approach 309),"<p>I need to read a text file in Java. I found several ways to do it (BufferedReader, Scanner, Files.readAllLines) but I am not sure which one to use. Can someone suggest the best approach for reading a large text file line by line?</p>",<java><file-io><reading>,2020-10-12,LQ_EDIT
1162,is this good,<p>is my code good?</p>,<code-review>,2020-06-09,LQ_CLOSE
452,How does garbage collection work in Java and when does it run? - variant 452,"<p>I am trying to understand Java's garbage collection mechanism. Specifically, I want to know:</p><p>1. How does the JVM decide which objects are eligible for garbage collection?</p><p>2. What are the different garbage collection algorithms available (Serial, Parallel, G1, ZGC)?</p><p>3. Can I force garbage collection to run, or is it always at the JVM's discretion?</p><p>I have read that calling System.gc() is just a suggestion to the JVM. In a production environment with high memory usage, what GC tuning parameters should I consider?</p>",<java><garbage-collection><jvm><memory-management><performance>,2020-12-22,HQ
890,CSS flexbox not centering my div - variant 390,"<p>I am trying to center a div using flexbox but it is not working. Here is my code:</p><code>.container {
  display: flex;
  justify-content: center;
}</code><p>The div still appears on the left side. What am I doing wrong?</p>",<css><flexbox><html><centering>,2020-06-12,LQ_EDIT
1048,HEEELP - variant 48,<p>nothing works!!!</p>,,2020-03-26,LQ_CLOSE
134,Best practices for database indexing in PostgreSQL for query optimization? (approach 134),"<p>I have a PostgreSQL database with a table containing about 50 million rows. My queries are becoming slow, especially those with WHERE clauses on multiple columns and JOIN operations.</p><p>Current table structure:</p><code>CREATE TABLE orders (
    id SERIAL PRIMARY KEY,
    customer_id INT,
    product_id INT,
    order_date TIMESTAMP,
    total_amount DECIMAL(10,2),
    status VARCHAR(20)
);</code><p>I frequently query by customer_id, order_date ranges, and status. Should I create composite indexes? What is the impact on INSERT performance? How do I use EXPLAIN ANALYZE to identify bottlenecks?</p>",<postgresql><database><indexing><query-optimization><performance>,2020-07-28,HQ
318,Best practices for database indexing in PostgreSQL for query optimization?,"<p>I have a PostgreSQL database with a table containing about 50 million rows. My queries are becoming slow, especially those with WHERE clauses on multiple columns and JOIN operations.</p><p>Current table structure:</p><code>CREATE TABLE orders (
    id SERIAL PRIMARY KEY,
    customer_id INT,
    product_id INT,
    order_date TIMESTAMP,
    total_amount DECIMAL(10,2),
    status VARCHAR(20)
);</code><p>I frequently query by customer_id, order_date ranges, and status. Should I create composite indexes? What is the impact on INSERT performance? How do I use EXPLAIN ANALYZE to identify bottlenecks?</p>",<postgresql><database><indexing><query-optimization><performance>,2020-02-18,HQ
968,Sort a list in Python [468],"<p>I need to sort a list in Python. I have tried using sort() but it doesn't seem to work for my case. My list contains both numbers and strings.</p><code>my_list = [3, 1, 'apple', 2, 'banana']</code><p>How can I sort this?</p>",<python><sorting><list>,2020-03-14,LQ_EDIT
1219,error (approach 219),<p>getting an error. why?</p>,,2020-07-09,LQ_CLOSE
654,CSS flexbox not centering my div - variant 154,"<p>I am trying to center a div using flexbox but it is not working. Here is my code:</p><code>.container {
  display: flex;
  justify-content: center;
}</code><p>The div still appears on the left side. What am I doing wrong?</p>",<css><flexbox><html><centering>,2020-10-05,LQ_EDIT
62,Efficient way to find duplicates in a large list using Python? (approach 62),"<p>I have a list of approximately 10 million strings and need to find all duplicate entries efficiently. My current approach uses a nested loop which has O(n^2) time complexity and takes too long.</p><p>Current approach:</p><code>duplicates = []
for i in range(len(data)):
    for j in range(i+1, len(data)):
        if data[i] == data[j]:
            duplicates.append(data[i])</code><p>I have considered using a set or dictionary for O(n) lookup. What would be the most memory-efficient approach for this scale of data? Should I consider using pandas or numpy for better performance?</p>",<python><performance><algorithms><duplicates><large-dataset>,2020-12-25,HQ
882,CSS flexbox not centering my div (approach 382),"<p>I am trying to center a div using flexbox but it is not working. Here is my code:</p><code>.container {
  display: flex;
  justify-content: center;
}</code><p>The div still appears on the left side. What am I doing wrong?</p>",<css><flexbox><html><centering>,2020-06-23,LQ_EDIT
408,How to properly implement authentication with JWT tokens in a Node.js API?,"<p>I am building a REST API with Node.js and Express, and I want to implement JWT-based authentication. I have a few concerns about security best practices:</p><p>1. Should I store the JWT in localStorage, sessionStorage, or an HTTP-only cookie?</p><p>2. How should I handle token refresh to maintain user sessions without forcing re-login?</p><p>3. What claims should I include in the payload?</p><p>Here is my current token generation:</p><code>const jwt = require('jsonwebtoken');
const token = jwt.sign({ userId: user.id }, process.env.SECRET, { expiresIn: '1h' });</code><p>Is a 1-hour expiration reasonable? How do I securely implement refresh tokens?</p>",<node.js><jwt><authentication><security><express>,2020-12-24,HQ
1202,what? [202],<p>what is the difference?</p>,,2020-01-10,LQ_CLOSE
1047,need project - variant 47,<p>can someone give me a python project for my college assignment? it should be easy and about machine learning</p>,<python><machine-learning><project>,2020-12-23,LQ_CLOSE
750,MySQL query not returning expected results,<p>I have a MySQL query that should return all users who signed up last month but it returns nothing. Here is my query:</p><code>SELECT * FROM users WHERE signup_date > '2024-01-01';</code><p>The table has data. What could be wrong?</p>,<mysql><sql><query>,2020-05-26,LQ_EDIT
327,Best practices for database indexing in PostgreSQL for query optimization?,"<p>I have a PostgreSQL database with a table containing about 50 million rows. My queries are becoming slow, especially those with WHERE clauses on multiple columns and JOIN operations.</p><p>Current table structure:</p><code>CREATE TABLE orders (
    id SERIAL PRIMARY KEY,
    customer_id INT,
    product_id INT,
    order_date TIMESTAMP,
    total_amount DECIMAL(10,2),
    status VARCHAR(20)
);</code><p>I frequently query by customer_id, order_date ranges, and status. Should I create composite indexes? What is the impact on INSERT performance? How do I use EXPLAIN ANALYZE to identify bottlenecks?</p>",<postgresql><database><indexing><query-optimization><performance>,2020-09-26,HQ
1065,how to hack wifi,<p>how can i hack my neighbors wifi password using python??</p>,<python><wifi><hacking>,2020-10-22,LQ_CLOSE
794,Sort a list in Python,"<p>I need to sort a list in Python. I have tried using sort() but it doesn't seem to work for my case. My list contains both numbers and strings.</p><code>my_list = [3, 1, 'apple', 2, 'banana']</code><p>How can I sort this?</p>",<python><sorting><list>,2020-11-06,LQ_EDIT
93,Understanding Python decorators with arguments - how do they work internally?,"<p>I understand basic Python decorators, but I am struggling with decorators that accept arguments. For example:</p><code>@my_decorator(arg1, arg2)
def my_function():
    pass</code><p>This seems to involve three levels of nested functions. Can someone break down the execution flow step by step? How does Python handle the difference between @my_decorator and @my_decorator(args)?</p><p>I am particularly confused about how functools.wraps plays into this and why it is recommended. A clear example with the execution order would be very helpful.</p>",<python><decorators><functions><metaprogramming>,2020-07-22,HQ
1097,error (approach 97),<p>getting an error. why?</p>,,2020-01-11,LQ_CLOSE
1454,what?,<p>what is the difference?</p>,,2020-09-27,LQ_CLOSE
633,Git merge conflict - how to resolve? - variant 133,"<p>I got a merge conflict when trying to merge my branch into main. The file shows these markers:</p><code><<<<<<< HEAD
my changes
=======
their changes
>>>>>>> feature-branch</code><p>How do I properly resolve this?</p>",<git><merge-conflict><version-control>,2020-03-13,LQ_EDIT
1040,urgent!!! need answer now,<p>how do i fix this error??? its not working and i need to submit tomorrow. please help urgent</p>,<java>,2020-07-12,LQ_CLOSE
902,How to read a file in Java?,"<p>I need to read a text file in Java. I found several ways to do it (BufferedReader, Scanner, Files.readAllLines) but I am not sure which one to use. Can someone suggest the best approach for reading a large text file line by line?</p>",<java><file-io><reading>,2020-09-12,LQ_EDIT
567,Python error: list index out of range (approach 67),"<p>I keep getting an IndexError when I try to access elements in my list. My code loops through a list and tries to access the next element:</p><code>for i in range(len(my_list)):
    print(my_list[i+1])</code><p>Why does this happen and how do I fix it?</p>",<python><error><list><indexerror>,2020-04-24,LQ_EDIT
778,Python error: list index out of range,"<p>I keep getting an IndexError when I try to access elements in my list. My code loops through a list and tries to access the next element:</p><code>for i in range(len(my_list)):
    print(my_list[i+1])</code><p>Why does this happen and how do I fix it?</p>",<python><error><list><indexerror>,2020-05-06,LQ_EDIT
82,How to implement a binary search tree in Python with O(log n) lookup?,"<p>I am working on a data structures course and need to implement a binary search tree (BST) in Python. I need the tree to support insertion, deletion, and lookup operations with O(log n) average time complexity.</p><p>Here is what I have so far:</p><code>class Node:
    def __init__(self, key):
        self.left = None
        self.right = None
        self.val = key</code><p>How can I implement the lookup method efficiently? I have read about balanced BSTs like AVL trees - would that be necessary for guaranteed O(log n)?</p>",<python><data-structures><binary-search-tree><algorithm>,2020-12-11,HQ
474,Efficient way to find duplicates in a large list using Python? - variant 474,"<p>I have a list of approximately 10 million strings and need to find all duplicate entries efficiently. My current approach uses a nested loop which has O(n^2) time complexity and takes too long.</p><p>Current approach:</p><code>duplicates = []
for i in range(len(data)):
    for j in range(i+1, len(data)):
        if data[i] == data[j]:
            duplicates.append(data[i])</code><p>I have considered using a set or dictionary for O(n) lookup. What would be the most memory-efficient approach for this scale of data? Should I consider using pandas or numpy for better performance?</p>",<python><performance><algorithms><duplicates><large-dataset>,2020-04-27,HQ
969,How to read a file in Java?,"<p>I need to read a text file in Java. I found several ways to do it (BufferedReader, Scanner, Files.readAllLines) but I am not sure which one to use. Can someone suggest the best approach for reading a large text file line by line?</p>",<java><file-io><reading>,2020-10-09,LQ_EDIT
884,How to read a file in Java?,"<p>I need to read a text file in Java. I found several ways to do it (BufferedReader, Scanner, Files.readAllLines) but I am not sure which one to use. Can someone suggest the best approach for reading a large text file line by line?</p>",<java><file-io><reading>,2020-12-05,LQ_EDIT
128,How to implement a binary search tree in Python with O(log n) lookup? - variant 128,"<p>I am working on a data structures course and need to implement a binary search tree (BST) in Python. I need the tree to support insertion, deletion, and lookup operations with O(log n) average time complexity.</p><p>Here is what I have so far:</p><code>class Node:
    def __init__(self, key):
        self.left = None
        self.right = None
        self.val = key</code><p>How can I implement the lookup method efficiently? I have read about balanced BSTs like AVL trees - would that be necessary for guaranteed O(log n)?</p>",<python><data-structures><binary-search-tree><algorithm>,2020-03-19,HQ
1440,best programming language? (approach 440),<p>which is the best programming language to learn? python or java or c++?</p>,<programming><career>,2020-07-12,LQ_CLOSE
1284,python [284],<p>how to learn python fast</p>,<python>,2020-04-25,LQ_CLOSE
73,How to implement a binary search tree in Python with O(log n) lookup?,"<p>I am working on a data structures course and need to implement a binary search tree (BST) in Python. I need the tree to support insertion, deletion, and lookup operations with O(log n) average time complexity.</p><p>Here is what I have so far:</p><code>class Node:
    def __init__(self, key):
        self.left = None
        self.right = None
        self.val = key</code><p>How can I implement the lookup method efficiently? I have read about balanced BSTs like AVL trees - would that be necessary for guaranteed O(log n)?</p>",<python><data-structures><binary-search-tree><algorithm>,2020-05-23,HQ
1213,python - variant 213,<p>how to learn python fast</p>,<python>,2020-01-22,LQ_CLOSE
500,Python error: list index out of range - variant 0,"<p>I keep getting an IndexError when I try to access elements in my list. My code loops through a list and tries to access the next element:</p><code>for i in range(len(my_list)):
    print(my_list[i+1])</code><p>Why does this happen and how do I fix it?</p>",<python><error><list><indexerror>,2020-03-24,LQ_EDIT
537,Git merge conflict - how to resolve? - variant 37,"<p>I got a merge conflict when trying to merge my branch into main. The file shows these markers:</p><code><<<<<<< HEAD
my changes
=======
their changes
>>>>>>> feature-branch</code><p>How do I properly resolve this?</p>",<git><merge-conflict><version-control>,2020-05-06,LQ_EDIT
1232,need project,<p>can someone give me a python project for my college assignment? it should be easy and about machine learning</p>,<python><machine-learning><project>,2020-04-16,LQ_CLOSE
477,Best practices for database indexing in PostgreSQL for query optimization?,"<p>I have a PostgreSQL database with a table containing about 50 million rows. My queries are becoming slow, especially those with WHERE clauses on multiple columns and JOIN operations.</p><p>Current table structure:</p><code>CREATE TABLE orders (
    id SERIAL PRIMARY KEY,
    customer_id INT,
    product_id INT,
    order_date TIMESTAMP,
    total_amount DECIMAL(10,2),
    status VARCHAR(20)
);</code><p>I frequently query by customer_id, order_date ranges, and status. Should I create composite indexes? What is the impact on INSERT performance? How do I use EXPLAIN ANALYZE to identify bottlenecks?</p>",<postgresql><database><indexing><query-optimization><performance>,2020-11-25,HQ
317,How does garbage collection work in Java and when does it run? - variant 317,"<p>I am trying to understand Java's garbage collection mechanism. Specifically, I want to know:</p><p>1. How does the JVM decide which objects are eligible for garbage collection?</p><p>2. What are the different garbage collection algorithms available (Serial, Parallel, G1, ZGC)?</p><p>3. Can I force garbage collection to run, or is it always at the JVM's discretion?</p><p>I have read that calling System.gc() is just a suggestion to the JVM. In a production environment with high memory usage, what GC tuning parameters should I consider?</p>",<java><garbage-collection><jvm><memory-management><performance>,2020-02-07,HQ
439,How to implement a binary search tree in Python with O(log n) lookup?,"<p>I am working on a data structures course and need to implement a binary search tree (BST) in Python. I need the tree to support insertion, deletion, and lookup operations with O(log n) average time complexity.</p><p>Here is what I have so far:</p><code>class Node:
    def __init__(self, key):
        self.left = None
        self.right = None
        self.val = key</code><p>How can I implement the lookup method efficiently? I have read about balanced BSTs like AVL trees - would that be necessary for guaranteed O(log n)?</p>",<python><data-structures><binary-search-tree><algorithm>,2020-10-13,HQ
930,React component not re-rendering when state changes (approach 430),"<p>My React component is not re-rendering when I update the state. I am using useState but the UI does not reflect the change.</p><code>const [items, setItems] = useState([1,2,3]);
items.push(4);
setItems(items);</code><p>Why is the component not updating?</p>",<react><state><re-render><hooks>,2020-09-28,LQ_EDIT
451,Understanding Python decorators with arguments - how do they work internally? - variant 451,"<p>I understand basic Python decorators, but I am struggling with decorators that accept arguments. For example:</p><code>@my_decorator(arg1, arg2)
def my_function():
    pass</code><p>This seems to involve three levels of nested functions. Can someone break down the execution flow step by step? How does Python handle the difference between @my_decorator and @my_decorator(args)?</p><p>I am particularly confused about how functools.wraps plays into this and why it is recommended. A clear example with the execution order would be very helpful.</p>",<python><decorators><functions><metaprogramming>,2020-04-27,HQ
147,What is the difference between == and === operators in JavaScript?,"<p>I have been learning JavaScript and encountered both == and === operators. I understand that == checks for equality while === checks for strict equality, but I am confused about when to use each one.</p><p>For example:</p><code>console.log(1 == '1');  // true
console.log(1 === '1'); // false</code><p>Can someone explain the type coercion rules that == follows? Are there any best practices for which one to use in production code?</p>",<javascript><operators><comparison><type-coercion>,2020-11-05,HQ
1378,best programming language? - variant 378,<p>which is the best programming language to learn? python or java or c++?</p>,<programming><career>,2020-01-22,LQ_CLOSE
1418,how to hack wifi,<p>how can i hack my neighbors wifi password using python??</p>,<python><wifi><hacking>,2020-09-12,LQ_CLOSE
221,Understanding Python decorators with arguments - how do they work internally? (approach 221),"<p>I understand basic Python decorators, but I am struggling with decorators that accept arguments. For example:</p><code>@my_decorator(arg1, arg2)
def my_function():
    pass</code><p>This seems to involve three levels of nested functions. Can someone break down the execution flow step by step? How does Python handle the difference between @my_decorator and @my_decorator(args)?</p><p>I am particularly confused about how functools.wraps plays into this and why it is recommended. A clear example with the execution order would be very helpful.</p>",<python><decorators><functions><metaprogramming>,2020-05-14,HQ
957,Sort a list in Python,"<p>I need to sort a list in Python. I have tried using sort() but it doesn't seem to work for my case. My list contains both numbers and strings.</p><code>my_list = [3, 1, 'apple', 2, 'banana']</code><p>How can I sort this?</p>",<python><sorting><list>,2020-09-04,LQ_EDIT
419,What is the difference between == and === operators in JavaScript? [419],"<p>I have been learning JavaScript and encountered both == and === operators. I understand that == checks for equality while === checks for strict equality, but I am confused about when to use each one.</p><p>For example:</p><code>console.log(1 == '1');  // true
console.log(1 === '1'); // false</code><p>Can someone explain the type coercion rules that == follows? Are there any best practices for which one to use in production code?</p>",<javascript><operators><comparison><type-coercion>,2020-09-08,HQ
1443,is this good [443],<p>is my code good?</p>,<code-review>,2020-02-23,LQ_CLOSE
1105,python,<p>how to learn python fast</p>,<python>,2020-03-07,LQ_CLOSE
216,Understanding Python decorators with arguments - how do they work internally?,"<p>I understand basic Python decorators, but I am struggling with decorators that accept arguments. For example:</p><code>@my_decorator(arg1, arg2)
def my_function():
    pass</code><p>This seems to involve three levels of nested functions. Can someone break down the execution flow step by step? How does Python handle the difference between @my_decorator and @my_decorator(args)?</p><p>I am particularly confused about how functools.wraps plays into this and why it is recommended. A clear example with the execution order would be very helpful.</p>",<python><decorators><functions><metaprogramming>,2020-11-27,HQ
736,Git merge conflict - how to resolve? [236],"<p>I got a merge conflict when trying to merge my branch into main. The file shows these markers:</p><code><<<<<<< HEAD
my changes
=======
their changes
>>>>>>> feature-branch</code><p>How do I properly resolve this?</p>",<git><merge-conflict><version-control>,2020-03-07,LQ_EDIT
927,Git merge conflict - how to resolve?,"<p>I got a merge conflict when trying to merge my branch into main. The file shows these markers:</p><code><<<<<<< HEAD
my changes
=======
their changes
>>>>>>> feature-branch</code><p>How do I properly resolve this?</p>",<git><merge-conflict><version-control>,2020-06-01,LQ_EDIT
324,How to properly implement authentication with JWT tokens in a Node.js API?,"<p>I am building a REST API with Node.js and Express, and I want to implement JWT-based authentication. I have a few concerns about security best practices:</p><p>1. Should I store the JWT in localStorage, sessionStorage, or an HTTP-only cookie?</p><p>2. How should I handle token refresh to maintain user sessions without forcing re-login?</p><p>3. What claims should I include in the payload?</p><p>Here is my current token generation:</p><code>const jwt = require('jsonwebtoken');
const token = jwt.sign({ userId: user.id }, process.env.SECRET, { expiresIn: '1h' });</code><p>Is a 1-hour expiration reasonable? How do I securely implement refresh tokens?</p>",<node.js><jwt><authentication><security><express>,2020-01-13,HQ
209,How does garbage collection work in Java and when does it run?,"<p>I am trying to understand Java's garbage collection mechanism. Specifically, I want to know:</p><p>1. How does the JVM decide which objects are eligible for garbage collection?</p><p>2. What are the different garbage collection algorithms available (Serial, Parallel, G1, ZGC)?</p><p>3. Can I force garbage collection to run, or is it always at the JVM's discretion?</p><p>I have read that calling System.gc() is just a suggestion to the JVM. In a production environment with high memory usage, what GC tuning parameters should I consider?</p>",<java><garbage-collection><jvm><memory-management><performance>,2020-11-18,HQ
1210,error,<p>getting an error. why?</p>,,2020-11-25,LQ_CLOSE
935,How to read a file in Java?,"<p>I need to read a text file in Java. I found several ways to do it (BufferedReader, Scanner, Files.readAllLines) but I am not sure which one to use. Can someone suggest the best approach for reading a large text file line by line?</p>",<java><file-io><reading>,2020-03-19,LQ_EDIT
416,How does garbage collection work in Java and when does it run?,"<p>I am trying to understand Java's garbage collection mechanism. Specifically, I want to know:</p><p>1. How does the JVM decide which objects are eligible for garbage collection?</p><p>2. What are the different garbage collection algorithms available (Serial, Parallel, G1, ZGC)?</p><p>3. Can I force garbage collection to run, or is it always at the JVM's discretion?</p><p>I have read that calling System.gc() is just a suggestion to the JVM. In a production environment with high memory usage, what GC tuning parameters should I consider?</p>",<java><garbage-collection><jvm><memory-management><performance>,2020-03-22,HQ
487,How to handle CORS errors in a React app calling a REST API? - variant 487,"<p>I am building a React frontend that calls a Node.js Express backend API. When I make fetch requests from my React app (running on localhost:3000) to my API (running on localhost:5000), I get the following error:</p><code>Access to fetch at 'http://localhost:5000/api/data' from origin 'http://localhost:3000' has been blocked by CORS policy</code><p>I have tried adding the cors middleware to my Express server but the error persists. Here is my Express configuration:</p><code>const cors = require('cors');
app.use(cors());</code><p>What am I missing? Is there a way to configure CORS headers properly for both development and production environments?</p>",<javascript><react><cors><express><rest-api>,2020-11-26,HQ
418,How to handle CORS errors in a React app calling a REST API? (approach 418),"<p>I am building a React frontend that calls a Node.js Express backend API. When I make fetch requests from my React app (running on localhost:3000) to my API (running on localhost:5000), I get the following error:</p><code>Access to fetch at 'http://localhost:5000/api/data' from origin 'http://localhost:3000' has been blocked by CORS policy</code><p>I have tried adding the cors middleware to my Express server but the error persists. Here is my Express configuration:</p><code>const cors = require('cors');
app.use(cors());</code><p>What am I missing? Is there a way to configure CORS headers properly for both development and production environments?</p>",<javascript><react><cors><express><rest-api>,2020-03-11,HQ
461,What is the difference between == and === operators in JavaScript? - variant 461,"<p>I have been learning JavaScript and encountered both == and === operators. I understand that == checks for equality while === checks for strict equality, but I am confused about when to use each one.</p><p>For example:</p><code>console.log(1 == '1');  // true
console.log(1 === '1'); // false</code><p>Can someone explain the type coercion rules that == follows? Are there any best practices for which one to use in production code?</p>",<javascript><operators><comparison><type-coercion>,2020-08-26,HQ
265,Efficient way to find duplicates in a large list using Python?,"<p>I have a list of approximately 10 million strings and need to find all duplicate entries efficiently. My current approach uses a nested loop which has O(n^2) time complexity and takes too long.</p><p>Current approach:</p><code>duplicates = []
for i in range(len(data)):
    for j in range(i+1, len(data)):
        if data[i] == data[j]:
            duplicates.append(data[i])</code><p>I have considered using a set or dictionary for O(n) lookup. What would be the most memory-efficient approach for this scale of data? Should I consider using pandas or numpy for better performance?</p>",<python><performance><algorithms><duplicates><large-dataset>,2020-06-13,HQ
215,Best practices for database indexing in PostgreSQL for query optimization?,"<p>I have a PostgreSQL database with a table containing about 50 million rows. My queries are becoming slow, especially those with WHERE clauses on multiple columns and JOIN operations.</p><p>Current table structure:</p><code>CREATE TABLE orders (
    id SERIAL PRIMARY KEY,
    customer_id INT,
    product_id INT,
    order_date TIMESTAMP,
    total_amount DECIMAL(10,2),
    status VARCHAR(20)
);</code><p>I frequently query by customer_id, order_date ranges, and status. Should I create composite indexes? What is the impact on INSERT performance? How do I use EXPLAIN ANALYZE to identify bottlenecks?</p>",<postgresql><database><indexing><query-optimization><performance>,2020-04-08,HQ
837,Python error: list index out of range,"<p>I keep getting an IndexError when I try to access elements in my list. My code loops through a list and tries to access the next element:</p><code>for i in range(len(my_list)):
    print(my_list[i+1])</code><p>Why does this happen and how do I fix it?</p>",<python><error><list><indexerror>,2020-02-16,LQ_EDIT
685,React component not re-rendering when state changes,"<p>My React component is not re-rendering when I update the state. I am using useState but the UI does not reflect the change.</p><code>const [items, setItems] = useState([1,2,3]);
items.push(4);
setItems(items);</code><p>Why is the component not updating?</p>",<react><state><re-render><hooks>,2020-03-25,LQ_EDIT
227,Best practices for database indexing in PostgreSQL for query optimization?,"<p>I have a PostgreSQL database with a table containing about 50 million rows. My queries are becoming slow, especially those with WHERE clauses on multiple columns and JOIN operations.</p><p>Current table structure:</p><code>CREATE TABLE orders (
    id SERIAL PRIMARY KEY,
    customer_id INT,
    product_id INT,
    order_date TIMESTAMP,
    total_amount DECIMAL(10,2),
    status VARCHAR(20)
);</code><p>I frequently query by customer_id, order_date ranges, and status. Should I create composite indexes? What is the impact on INSERT performance? How do I use EXPLAIN ANALYZE to identify bottlenecks?</p>",<postgresql><database><indexing><query-optimization><performance>,2020-10-25,HQ
692,React component not re-rendering when state changes [192],"<p>My React component is not re-rendering when I update the state. I am using useState but the UI does not reflect the change.</p><code>const [items, setItems] = useState([1,2,3]);
items.push(4);
setItems(items);</code><p>Why is the component not updating?</p>",<react><state><re-render><hooks>,2020-09-12,LQ_EDIT
1369,is this good,<p>is my code good?</p>,<code-review>,2020-05-09,LQ_CLOSE
422,How to implement a binary search tree in Python with O(log n) lookup? [422],"<p>I am working on a data structures course and need to implement a binary search tree (BST) in Python. I need the tree to support insertion, deletion, and lookup operations with O(log n) average time complexity.</p><p>Here is what I have so far:</p><code>class Node:
    def __init__(self, key):
        self.left = None
        self.right = None
        self.val = key</code><p>How can I implement the lookup method efficiently? I have read about balanced BSTs like AVL trees - would that be necessary for guaranteed O(log n)?</p>",<python><data-structures><binary-search-tree><algorithm>,2020-07-26,HQ
894,Git merge conflict - how to resolve?,"<p>I got a merge conflict when trying to merge my branch into main. The file shows these markers:</p><code><<<<<<< HEAD
my changes
=======
their changes
>>>>>>> feature-branch</code><p>How do I properly resolve this?</p>",<git><merge-conflict><version-control>,2020-01-03,LQ_EDIT
1174,error,<p>getting an error. why?</p>,,2020-04-04,LQ_CLOSE
353,How does garbage collection work in Java and when does it run?,"<p>I am trying to understand Java's garbage collection mechanism. Specifically, I want to know:</p><p>1. How does the JVM decide which objects are eligible for garbage collection?</p><p>2. What are the different garbage collection algorithms available (Serial, Parallel, G1, ZGC)?</p><p>3. Can I force garbage collection to run, or is it always at the JVM's discretion?</p><p>I have read that calling System.gc() is just a suggestion to the JVM. In a production environment with high memory usage, what GC tuning parameters should I consider?</p>",<java><garbage-collection><jvm><memory-management><performance>,2020-08-28,HQ
180,How does garbage collection work in Java and when does it run? - variant 180,"<p>I am trying to understand Java's garbage collection mechanism. Specifically, I want to know:</p><p>1. How does the JVM decide which objects are eligible for garbage collection?</p><p>2. What are the different garbage collection algorithms available (Serial, Parallel, G1, ZGC)?</p><p>3. Can I force garbage collection to run, or is it always at the JVM's discretion?</p><p>I have read that calling System.gc() is just a suggestion to the JVM. In a production environment with high memory usage, what GC tuning parameters should I consider?</p>",<java><garbage-collection><jvm><memory-management><performance>,2020-03-11,HQ
398,How to properly implement authentication with JWT tokens in a Node.js API?,"<p>I am building a REST API with Node.js and Express, and I want to implement JWT-based authentication. I have a few concerns about security best practices:</p><p>1. Should I store the JWT in localStorage, sessionStorage, or an HTTP-only cookie?</p><p>2. How should I handle token refresh to maintain user sessions without forcing re-login?</p><p>3. What claims should I include in the payload?</p><p>Here is my current token generation:</p><code>const jwt = require('jsonwebtoken');
const token = jwt.sign({ userId: user.id }, process.env.SECRET, { expiresIn: '1h' });</code><p>Is a 1-hour expiration reasonable? How do I securely implement refresh tokens?</p>",<node.js><jwt><authentication><security><express>,2020-04-03,HQ
749,How to read a file in Java?,"<p>I need to read a text file in Java. I found several ways to do it (BufferedReader, Scanner, Files.readAllLines) but I am not sure which one to use. Can someone suggest the best approach for reading a large text file line by line?</p>",<java><file-io><reading>,2020-08-08,LQ_EDIT
462,How to implement a binary search tree in Python with O(log n) lookup? - variant 462,"<p>I am working on a data structures course and need to implement a binary search tree (BST) in Python. I need the tree to support insertion, deletion, and lookup operations with O(log n) average time complexity.</p><p>Here is what I have so far:</p><code>class Node:
    def __init__(self, key):
        self.left = None
        self.right = None
        self.val = key</code><p>How can I implement the lookup method efficiently? I have read about balanced BSTs like AVL trees - would that be necessary for guaranteed O(log n)?</p>",<python><data-structures><binary-search-tree><algorithm>,2020-07-21,HQ
661,React component not re-rendering when state changes - variant 161,"<p>My React component is not re-rendering when I update the state. I am using useState but the UI does not reflect the change.</p><code>const [items, setItems] = useState([1,2,3]);
items.push(4);
setItems(items);</code><p>Why is the component not updating?</p>",<react><state><re-render><hooks>,2020-10-14,LQ_EDIT
1031,urgent!!! need answer now,<p>how do i fix this error??? its not working and i need to submit tomorrow. please help urgent</p>,<java>,2020-03-09,LQ_CLOSE
340,Understanding Python decorators with arguments - how do they work internally?,"<p>I understand basic Python decorators, but I am struggling with decorators that accept arguments. For example:</p><code>@my_decorator(arg1, arg2)
def my_function():
    pass</code><p>This seems to involve three levels of nested functions. Can someone break down the execution flow step by step? How does Python handle the difference between @my_decorator and @my_decorator(args)?</p><p>I am particularly confused about how functools.wraps plays into this and why it is recommended. A clear example with the execution order would be very helpful.</p>",<python><decorators><functions><metaprogramming>,2020-06-18,HQ
1187,code not working - variant 187,<p>i wrote some code but it doesnt work. can someone fix it for me?</p>,<python>,2020-08-17,LQ_CLOSE
921,MySQL query not returning expected results [421],<p>I have a MySQL query that should return all users who signed up last month but it returns nothing. Here is my query:</p><code>SELECT * FROM users WHERE signup_date > '2024-01-01';</code><p>The table has data. What could be wrong?</p>,<mysql><sql><query>,2020-08-08,LQ_EDIT
747,Python error: list index out of range,"<p>I keep getting an IndexError when I try to access elements in my list. My code loops through a list and tries to access the next element:</p><code>for i in range(len(my_list)):
    print(my_list[i+1])</code><p>Why does this happen and how do I fix it?</p>",<python><error><list><indexerror>,2020-07-22,LQ_EDIT
1287,error [287],<p>getting an error. why?</p>,,2020-05-11,LQ_CLOSE
297,How does garbage collection work in Java and when does it run? (approach 297),"<p>I am trying to understand Java's garbage collection mechanism. Specifically, I want to know:</p><p>1. How does the JVM decide which objects are eligible for garbage collection?</p><p>2. What are the different garbage collection algorithms available (Serial, Parallel, G1, ZGC)?</p><p>3. Can I force garbage collection to run, or is it always at the JVM's discretion?</p><p>I have read that calling System.gc() is just a suggestion to the JVM. In a production environment with high memory usage, what GC tuning parameters should I consider?</p>",<java><garbage-collection><jvm><memory-management><performance>,2020-11-10,HQ
346,What is the difference between == and === operators in JavaScript?,"<p>I have been learning JavaScript and encountered both == and === operators. I understand that == checks for equality while === checks for strict equality, but I am confused about when to use each one.</p><p>For example:</p><code>console.log(1 == '1');  // true
console.log(1 === '1'); // false</code><p>Can someone explain the type coercion rules that == follows? Are there any best practices for which one to use in production code?</p>",<javascript><operators><comparison><type-coercion>,2020-02-10,HQ
1068,error - variant 68,<p>getting an error. why?</p>,,2020-07-23,LQ_CLOSE
1130,is this good,<p>is my code good?</p>,<code-review>,2020-08-20,LQ_CLOSE
1264,help plz (approach 264),<p>my code doesnt work</p>,<python>,2020-05-08,LQ_CLOSE
290,How does garbage collection work in Java and when does it run? (approach 290),"<p>I am trying to understand Java's garbage collection mechanism. Specifically, I want to know:</p><p>1. How does the JVM decide which objects are eligible for garbage collection?</p><p>2. What are the different garbage collection algorithms available (Serial, Parallel, G1, ZGC)?</p><p>3. Can I force garbage collection to run, or is it always at the JVM's discretion?</p><p>I have read that calling System.gc() is just a suggestion to the JVM. In a production environment with high memory usage, what GC tuning parameters should I consider?</p>",<java><garbage-collection><jvm><memory-management><performance>,2020-11-12,HQ
632,Sort a list in Python (approach 132),"<p>I need to sort a list in Python. I have tried using sort() but it doesn't seem to work for my case. My list contains both numbers and strings.</p><code>my_list = [3, 1, 'apple', 2, 'banana']</code><p>How can I sort this?</p>",<python><sorting><list>,2020-04-10,LQ_EDIT
755,How to read a file in Java?,"<p>I need to read a text file in Java. I found several ways to do it (BufferedReader, Scanner, Files.readAllLines) but I am not sure which one to use. Can someone suggest the best approach for reading a large text file line by line?</p>",<java><file-io><reading>,2020-03-03,LQ_EDIT
1458,need project [458],<p>can someone give me a python project for my college assignment? it should be easy and about machine learning</p>,<python><machine-learning><project>,2020-05-28,LQ_CLOSE
1413,best programming language? [413],<p>which is the best programming language to learn? python or java or c++?</p>,<programming><career>,2020-12-22,LQ_CLOSE
1342,what?,<p>what is the difference?</p>,,2020-07-06,LQ_CLOSE
214,What is the difference between == and === operators in JavaScript?,"<p>I have been learning JavaScript and encountered both == and === operators. I understand that == checks for equality while === checks for strict equality, but I am confused about when to use each one.</p><p>For example:</p><code>console.log(1 == '1');  // true
console.log(1 === '1'); // false</code><p>Can someone explain the type coercion rules that == follows? Are there any best practices for which one to use in production code?</p>",<javascript><operators><comparison><type-coercion>,2020-05-06,HQ
204,How does garbage collection work in Java and when does it run? - variant 204,"<p>I am trying to understand Java's garbage collection mechanism. Specifically, I want to know:</p><p>1. How does the JVM decide which objects are eligible for garbage collection?</p><p>2. What are the different garbage collection algorithms available (Serial, Parallel, G1, ZGC)?</p><p>3. Can I force garbage collection to run, or is it always at the JVM's discretion?</p><p>I have read that calling System.gc() is just a suggestion to the JVM. In a production environment with high memory usage, what GC tuning parameters should I consider?</p>",<java><garbage-collection><jvm><memory-management><performance>,2020-02-20,HQ
320,How to implement a binary search tree in Python with O(log n) lookup? [320],"<p>I am working on a data structures course and need to implement a binary search tree (BST) in Python. I need the tree to support insertion, deletion, and lookup operations with O(log n) average time complexity.</p><p>Here is what I have so far:</p><code>class Node:
    def __init__(self, key):
        self.left = None
        self.right = None
        self.val = key</code><p>How can I implement the lookup method efficiently? I have read about balanced BSTs like AVL trees - would that be necessary for guaranteed O(log n)?</p>",<python><data-structures><binary-search-tree><algorithm>,2020-05-27,HQ
1241,python,<p>how to learn python fast</p>,<python>,2020-03-04,LQ_CLOSE
1227,is this good,<p>is my code good?</p>,<code-review>,2020-04-14,LQ_CLOSE
1032,error,<p>getting an error. why?</p>,,2020-08-09,LQ_CLOSE
268,How to implement a binary search tree in Python with O(log n) lookup? [268],"<p>I am working on a data structures course and need to implement a binary search tree (BST) in Python. I need the tree to support insertion, deletion, and lookup operations with O(log n) average time complexity.</p><p>Here is what I have so far:</p><code>class Node:
    def __init__(self, key):
        self.left = None
        self.right = None
        self.val = key</code><p>How can I implement the lookup method efficiently? I have read about balanced BSTs like AVL trees - would that be necessary for guaranteed O(log n)?</p>",<python><data-structures><binary-search-tree><algorithm>,2020-11-04,HQ
635,Git merge conflict - how to resolve? (approach 135),"<p>I got a merge conflict when trying to merge my branch into main. The file shows these markers:</p><code><<<<<<< HEAD
my changes
=======
their changes
>>>>>>> feature-branch</code><p>How do I properly resolve this?</p>",<git><merge-conflict><version-control>,2020-06-06,LQ_EDIT
667,Docker container exits immediately after starting,<p>My Docker container starts and then immediately exits. I am running:</p><code>docker run my-app</code><p>When I check the logs there is nothing useful. The Dockerfile uses a Python base image. What could cause this behavior?</p>,<docker><container><python>,2020-06-26,LQ_EDIT
357,Understanding Python decorators with arguments - how do they work internally? [357],"<p>I understand basic Python decorators, but I am struggling with decorators that accept arguments. For example:</p><code>@my_decorator(arg1, arg2)
def my_function():
    pass</code><p>This seems to involve three levels of nested functions. Can someone break down the execution flow step by step? How does Python handle the difference between @my_decorator and @my_decorator(args)?</p><p>I am particularly confused about how functools.wraps plays into this and why it is recommended. A clear example with the execution order would be very helpful.</p>",<python><decorators><functions><metaprogramming>,2020-06-01,HQ
352,How to handle CORS errors in a React app calling a REST API?,"<p>I am building a React frontend that calls a Node.js Express backend API. When I make fetch requests from my React app (running on localhost:3000) to my API (running on localhost:5000), I get the following error:</p><code>Access to fetch at 'http://localhost:5000/api/data' from origin 'http://localhost:3000' has been blocked by CORS policy</code><p>I have tried adding the cors middleware to my Express server but the error persists. Here is my Express configuration:</p><code>const cors = require('cors');
app.use(cors());</code><p>What am I missing? Is there a way to configure CORS headers properly for both development and production environments?</p>",<javascript><react><cors><express><rest-api>,2020-05-11,HQ
1309,urgent!!! need answer now,<p>how do i fix this error??? its not working and i need to submit tomorrow. please help urgent</p>,<java>,2020-11-02,LQ_CLOSE
1259,HEEELP [259],<p>nothing works!!!</p>,,2020-07-12,LQ_CLOSE
1066,plz send me the code [66],<p>i need to make a website. can someone send me the full code? i dont know html</p>,<html><website>,2020-06-09,LQ_CLOSE
1044,HEEELP,<p>nothing works!!!</p>,,2020-01-10,LQ_CLOSE
850,Sort a list in Python,"<p>I need to sort a list in Python. I have tried using sort() but it doesn't seem to work for my case. My list contains both numbers and strings.</p><code>my_list = [3, 1, 'apple', 2, 'banana']</code><p>How can I sort this?</p>",<python><sorting><list>,2020-10-17,LQ_EDIT
513,How to read a file in Java?,"<p>I need to read a text file in Java. I found several ways to do it (BufferedReader, Scanner, Files.readAllLines) but I am not sure which one to use. Can someone suggest the best approach for reading a large text file line by line?</p>",<java><file-io><reading>,2020-03-17,LQ_EDIT
339,What is the difference between == and === operators in JavaScript? [339],"<p>I have been learning JavaScript and encountered both == and === operators. I understand that == checks for equality while === checks for strict equality, but I am confused about when to use each one.</p><p>For example:</p><code>console.log(1 == '1');  // true
console.log(1 === '1'); // false</code><p>Can someone explain the type coercion rules that == follows? Are there any best practices for which one to use in production code?</p>",<javascript><operators><comparison><type-coercion>,2020-05-26,HQ
1076,error,<p>getting an error. why?</p>,,2020-10-02,LQ_CLOSE
126,What is the difference between == and === operators in JavaScript? [126],"<p>I have been learning JavaScript and encountered both == and === operators. I understand that == checks for equality while === checks for strict equality, but I am confused about when to use each one.</p><p>For example:</p><code>console.log(1 == '1');  // true
console.log(1 === '1'); // false</code><p>Can someone explain the type coercion rules that == follows? Are there any best practices for which one to use in production code?</p>",<javascript><operators><comparison><type-coercion>,2020-09-12,HQ
96,Understanding Python decorators with arguments - how do they work internally?,"<p>I understand basic Python decorators, but I am struggling with decorators that accept arguments. For example:</p><code>@my_decorator(arg1, arg2)
def my_function():
    pass</code><p>This seems to involve three levels of nested functions. Can someone break down the execution flow step by step? How does Python handle the difference between @my_decorator and @my_decorator(args)?</p><p>I am particularly confused about how functools.wraps plays into this and why it is recommended. A clear example with the execution order would be very helpful.</p>",<python><decorators><functions><metaprogramming>,2020-01-20,HQ
639,Docker container exits immediately after starting,<p>My Docker container starts and then immediately exits. I am running:</p><code>docker run my-app</code><p>When I check the logs there is nothing useful. The Dockerfile uses a Python base image. What could cause this behavior?</p>,<docker><container><python>,2020-10-25,LQ_EDIT
630,Sort a list in Python (approach 130),"<p>I need to sort a list in Python. I have tried using sort() but it doesn't seem to work for my case. My list contains both numbers and strings.</p><code>my_list = [3, 1, 'apple', 2, 'banana']</code><p>How can I sort this?</p>",<python><sorting><list>,2020-05-15,LQ_EDIT
697,Sort a list in Python,"<p>I need to sort a list in Python. I have tried using sort() but it doesn't seem to work for my case. My list contains both numbers and strings.</p><code>my_list = [3, 1, 'apple', 2, 'banana']</code><p>How can I sort this?</p>",<python><sorting><list>,2020-12-04,LQ_EDIT
887,Docker container exits immediately after starting [387],<p>My Docker container starts and then immediately exits. I am running:</p><code>docker run my-app</code><p>When I check the logs there is nothing useful. The Dockerfile uses a Python base image. What could cause this behavior?</p>,<docker><container><python>,2020-04-01,LQ_EDIT
362,What is the difference between == and === operators in JavaScript? (approach 362),"<p>I have been learning JavaScript and encountered both == and === operators. I understand that == checks for equality while === checks for strict equality, but I am confused about when to use each one.</p><p>For example:</p><code>console.log(1 == '1');  // true
console.log(1 === '1'); // false</code><p>Can someone explain the type coercion rules that == follows? Are there any best practices for which one to use in production code?</p>",<javascript><operators><comparison><type-coercion>,2020-04-12,HQ
1215,python,<p>how to learn python fast</p>,<python>,2020-06-14,LQ_CLOSE
384,How to properly implement authentication with JWT tokens in a Node.js API?,"<p>I am building a REST API with Node.js and Express, and I want to implement JWT-based authentication. I have a few concerns about security best practices:</p><p>1. Should I store the JWT in localStorage, sessionStorage, or an HTTP-only cookie?</p><p>2. How should I handle token refresh to maintain user sessions without forcing re-login?</p><p>3. What claims should I include in the payload?</p><p>Here is my current token generation:</p><code>const jwt = require('jsonwebtoken');
const token = jwt.sign({ userId: user.id }, process.env.SECRET, { expiresIn: '1h' });</code><p>Is a 1-hour expiration reasonable? How do I securely implement refresh tokens?</p>",<node.js><jwt><authentication><security><express>,2020-07-04,HQ
1455,HEEELP - variant 455,<p>nothing works!!!</p>,,2020-08-26,LQ_CLOSE
673,How to read a file in Java? - variant 173,"<p>I need to read a text file in Java. I found several ways to do it (BufferedReader, Scanner, Files.readAllLines) but I am not sure which one to use. Can someone suggest the best approach for reading a large text file line by line?</p>",<java><file-io><reading>,2020-02-01,LQ_EDIT
521,MySQL query not returning expected results (approach 21),<p>I have a MySQL query that should return all users who signed up last month but it returns nothing. Here is my query:</p><code>SELECT * FROM users WHERE signup_date > '2024-01-01';</code><p>The table has data. What could be wrong?</p>,<mysql><sql><query>,2020-07-24,LQ_EDIT
1004,is this good,<p>is my code good?</p>,<code-review>,2020-06-19,LQ_CLOSE
893,Docker container exits immediately after starting - variant 393,<p>My Docker container starts and then immediately exits. I am running:</p><code>docker run my-app</code><p>When I check the logs there is nothing useful. The Dockerfile uses a Python base image. What could cause this behavior?</p>,<docker><container><python>,2020-10-13,LQ_EDIT
1354,urgent!!! need answer now [354],<p>how do i fix this error??? its not working and i need to submit tomorrow. please help urgent</p>,<java>,2020-09-12,LQ_CLOSE
164,Best practices for database indexing in PostgreSQL for query optimization? - variant 164,"<p>I have a PostgreSQL database with a table containing about 50 million rows. My queries are becoming slow, especially those with WHERE clauses on multiple columns and JOIN operations.</p><p>Current table structure:</p><code>CREATE TABLE orders (
    id SERIAL PRIMARY KEY,
    customer_id INT,
    product_id INT,
    order_date TIMESTAMP,
    total_amount DECIMAL(10,2),
    status VARCHAR(20)
);</code><p>I frequently query by customer_id, order_date ranges, and status. Should I create composite indexes? What is the impact on INSERT performance? How do I use EXPLAIN ANALYZE to identify bottlenecks?</p>",<postgresql><database><indexing><query-optimization><performance>,2020-11-15,HQ
626,MySQL query not returning expected results [126],<p>I have a MySQL query that should return all users who signed up last month but it returns nothing. Here is my query:</p><code>SELECT * FROM users WHERE signup_date > '2024-01-01';</code><p>The table has data. What could be wrong?</p>,<mysql><sql><query>,2020-10-08,LQ_EDIT
562,How to read a file in Java?,"<p>I need to read a text file in Java. I found several ways to do it (BufferedReader, Scanner, Files.readAllLines) but I am not sure which one to use. Can someone suggest the best approach for reading a large text file line by line?</p>",<java><file-io><reading>,2020-02-26,LQ_EDIT
754,MySQL query not returning expected results,<p>I have a MySQL query that should return all users who signed up last month but it returns nothing. Here is my query:</p><code>SELECT * FROM users WHERE signup_date > '2024-01-01';</code><p>The table has data. What could be wrong?</p>,<mysql><sql><query>,2020-04-19,LQ_EDIT
72,Efficient way to find duplicates in a large list using Python? [72],"<p>I have a list of approximately 10 million strings and need to find all duplicate entries efficiently. My current approach uses a nested loop which has O(n^2) time complexity and takes too long.</p><p>Current approach:</p><code>duplicates = []
for i in range(len(data)):
    for j in range(i+1, len(data)):
        if data[i] == data[j]:
            duplicates.append(data[i])</code><p>I have considered using a set or dictionary for O(n) lookup. What would be the most memory-efficient approach for this scale of data? Should I consider using pandas or numpy for better performance?</p>",<python><performance><algorithms><duplicates><large-dataset>,2020-04-12,HQ
1263,is this good [263],<p>is my code good?</p>,<code-review>,2020-03-21,LQ_CLOSE
1358,code not working,<p>i wrote some code but it doesnt work. can someone fix it for me?</p>,<python>,2020-04-27,LQ_CLOSE
1292,urgent!!! need answer now,<p>how do i fix this error??? its not working and i need to submit tomorrow. please help urgent</p>,<java>,2020-12-05,LQ_CLOSE
612,Docker container exits immediately after starting,<p>My Docker container starts and then immediately exits. I am running:</p><code>docker run my-app</code><p>When I check the logs there is nothing useful. The Dockerfile uses a Python base image. What could cause this behavior?</p>,<docker><container><python>,2020-07-09,LQ_EDIT
1239,what? (approach 239),<p>what is the difference?</p>,,2020-04-17,LQ_CLOSE
598,Git merge conflict - how to resolve? - variant 98,"<p>I got a merge conflict when trying to merge my branch into main. The file shows these markers:</p><code><<<<<<< HEAD
my changes
=======
their changes
>>>>>>> feature-branch</code><p>How do I properly resolve this?</p>",<git><merge-conflict><version-control>,2020-04-17,LQ_EDIT
1338,error - variant 338,<p>getting an error. why?</p>,,2020-04-23,LQ_CLOSE
425,What is the difference between == and === operators in JavaScript? - variant 425,"<p>I have been learning JavaScript and encountered both == and === operators. I understand that == checks for equality while === checks for strict equality, but I am confused about when to use each one.</p><p>For example:</p><code>console.log(1 == '1');  // true
console.log(1 === '1'); // false</code><p>Can someone explain the type coercion rules that == follows? Are there any best practices for which one to use in production code?</p>",<javascript><operators><comparison><type-coercion>,2020-09-27,HQ
1151,python,<p>how to learn python fast</p>,<python>,2020-03-24,LQ_CLOSE
1498,python [498],<p>how to learn python fast</p>,<python>,2020-05-21,LQ_CLOSE
1271,how to hack wifi (approach 271),<p>how can i hack my neighbors wifi password using python??</p>,<python><wifi><hacking>,2020-05-22,LQ_CLOSE
1089,code not working,<p>i wrote some code but it doesnt work. can someone fix it for me?</p>,<python>,2020-09-05,LQ_CLOSE
1331,what?,<p>what is the difference?</p>,,2020-01-03,LQ_CLOSE
67,How does garbage collection work in Java and when does it run?,"<p>I am trying to understand Java's garbage collection mechanism. Specifically, I want to know:</p><p>1. How does the JVM decide which objects are eligible for garbage collection?</p><p>2. What are the different garbage collection algorithms available (Serial, Parallel, G1, ZGC)?</p><p>3. Can I force garbage collection to run, or is it always at the JVM's discretion?</p><p>I have read that calling System.gc() is just a suggestion to the JVM. In a production environment with high memory usage, what GC tuning parameters should I consider?</p>",<java><garbage-collection><jvm><memory-management><performance>,2020-01-17,HQ
1053,HEEELP,<p>nothing works!!!</p>,,2020-10-23,LQ_CLOSE
243,Best practices for database indexing in PostgreSQL for query optimization?,"<p>I have a PostgreSQL database with a table containing about 50 million rows. My queries are becoming slow, especially those with WHERE clauses on multiple columns and JOIN operations.</p><p>Current table structure:</p><code>CREATE TABLE orders (
    id SERIAL PRIMARY KEY,
    customer_id INT,
    product_id INT,
    order_date TIMESTAMP,
    total_amount DECIMAL(10,2),
    status VARCHAR(20)
);</code><p>I frequently query by customer_id, order_date ranges, and status. Should I create composite indexes? What is the impact on INSERT performance? How do I use EXPLAIN ANALYZE to identify bottlenecks?</p>",<postgresql><database><indexing><query-optimization><performance>,2020-08-19,HQ
1133,best programming language? - variant 133,<p>which is the best programming language to learn? python or java or c++?</p>,<programming><career>,2020-09-18,LQ_CLOSE
234,Efficient way to find duplicates in a large list using Python?,"<p>I have a list of approximately 10 million strings and need to find all duplicate entries efficiently. My current approach uses a nested loop which has O(n^2) time complexity and takes too long.</p><p>Current approach:</p><code>duplicates = []
for i in range(len(data)):
    for j in range(i+1, len(data)):
        if data[i] == data[j]:
            duplicates.append(data[i])</code><p>I have considered using a set or dictionary for O(n) lookup. What would be the most memory-efficient approach for this scale of data? Should I consider using pandas or numpy for better performance?</p>",<python><performance><algorithms><duplicates><large-dataset>,2020-04-18,HQ
876,CSS flexbox not centering my div [376],"<p>I am trying to center a div using flexbox but it is not working. Here is my code:</p><code>.container {
  display: flex;
  justify-content: center;
}</code><p>The div still appears on the left side. What am I doing wrong?</p>",<css><flexbox><html><centering>,2020-11-02,LQ_EDIT
688,Sort a list in Python (approach 188),"<p>I need to sort a list in Python. I have tried using sort() but it doesn't seem to work for my case. My list contains both numbers and strings.</p><code>my_list = [3, 1, 'apple', 2, 'banana']</code><p>How can I sort this?</p>",<python><sorting><list>,2020-07-17,LQ_EDIT
471,What is the difference between == and === operators in JavaScript?,"<p>I have been learning JavaScript and encountered both == and === operators. I understand that == checks for equality while === checks for strict equality, but I am confused about when to use each one.</p><p>For example:</p><code>console.log(1 == '1');  // true
console.log(1 === '1'); // false</code><p>Can someone explain the type coercion rules that == follows? Are there any best practices for which one to use in production code?</p>",<javascript><operators><comparison><type-coercion>,2020-11-26,HQ
840,Git merge conflict - how to resolve? (approach 340),"<p>I got a merge conflict when trying to merge my branch into main. The file shows these markers:</p><code><<<<<<< HEAD
my changes
=======
their changes
>>>>>>> feature-branch</code><p>How do I properly resolve this?</p>",<git><merge-conflict><version-control>,2020-08-26,LQ_EDIT
1341,plz send me the code - variant 341,<p>i need to make a website. can someone send me the full code? i dont know html</p>,<html><website>,2020-07-06,LQ_CLOSE
970,Docker container exits immediately after starting,<p>My Docker container starts and then immediately exits. I am running:</p><code>docker run my-app</code><p>When I check the logs there is nothing useful. The Dockerfile uses a Python base image. What could cause this behavior?</p>,<docker><container><python>,2020-10-28,LQ_EDIT
368,What is the difference between == and === operators in JavaScript?,"<p>I have been learning JavaScript and encountered both == and === operators. I understand that == checks for equality while === checks for strict equality, but I am confused about when to use each one.</p><p>For example:</p><code>console.log(1 == '1');  // true
console.log(1 === '1'); // false</code><p>Can someone explain the type coercion rules that == follows? Are there any best practices for which one to use in production code?</p>",<javascript><operators><comparison><type-coercion>,2020-02-11,HQ
568,Docker container exits immediately after starting,<p>My Docker container starts and then immediately exits. I am running:</p><code>docker run my-app</code><p>When I check the logs there is nothing useful. The Dockerfile uses a Python base image. What could cause this behavior?</p>,<docker><container><python>,2020-01-03,LQ_EDIT
511,CSS flexbox not centering my div,"<p>I am trying to center a div using flexbox but it is not working. Here is my code:</p><code>.container {
  display: flex;
  justify-content: center;
}</code><p>The div still appears on the left side. What am I doing wrong?</p>",<css><flexbox><html><centering>,2020-10-03,LQ_EDIT
758,CSS flexbox not centering my div [258],"<p>I am trying to center a div using flexbox but it is not working. Here is my code:</p><code>.container {
  display: flex;
  justify-content: center;
}</code><p>The div still appears on the left side. What am I doing wrong?</p>",<css><flexbox><html><centering>,2020-06-20,LQ_EDIT
669,Git merge conflict - how to resolve? - variant 169,"<p>I got a merge conflict when trying to merge my branch into main. The file shows these markers:</p><code><<<<<<< HEAD
my changes
=======
their changes
>>>>>>> feature-branch</code><p>How do I properly resolve this?</p>",<git><merge-conflict><version-control>,2020-12-15,LQ_EDIT
1491,is this good,<p>is my code good?</p>,<code-review>,2020-05-08,LQ_CLOSE
963,Sort a list in Python,"<p>I need to sort a list in Python. I have tried using sort() but it doesn't seem to work for my case. My list contains both numbers and strings.</p><code>my_list = [3, 1, 'apple', 2, 'banana']</code><p>How can I sort this?</p>",<python><sorting><list>,2020-07-20,LQ_EDIT
530,CSS flexbox not centering my div,"<p>I am trying to center a div using flexbox but it is not working. Here is my code:</p><code>.container {
  display: flex;
  justify-content: center;
}</code><p>The div still appears on the left side. What am I doing wrong?</p>",<css><flexbox><html><centering>,2020-09-23,LQ_EDIT
954,MySQL query not returning expected results (approach 454),<p>I have a MySQL query that should return all users who signed up last month but it returns nothing. Here is my query:</p><code>SELECT * FROM users WHERE signup_date > '2024-01-01';</code><p>The table has data. What could be wrong?</p>,<mysql><sql><query>,2020-08-22,LQ_EDIT
299,Best practices for database indexing in PostgreSQL for query optimization? [299],"<p>I have a PostgreSQL database with a table containing about 50 million rows. My queries are becoming slow, especially those with WHERE clauses on multiple columns and JOIN operations.</p><p>Current table structure:</p><code>CREATE TABLE orders (
    id SERIAL PRIMARY KEY,
    customer_id INT,
    product_id INT,
    order_date TIMESTAMP,
    total_amount DECIMAL(10,2),
    status VARCHAR(20)
);</code><p>I frequently query by customer_id, order_date ranges, and status. Should I create composite indexes? What is the impact on INSERT performance? How do I use EXPLAIN ANALYZE to identify bottlenecks?</p>",<postgresql><database><indexing><query-optimization><performance>,2020-03-13,HQ
188,Understanding Python decorators with arguments - how do they work internally?,"<p>I understand basic Python decorators, but I am struggling with decorators that accept arguments. For example:</p><code>@my_decorator(arg1, arg2)
def my_function():
    pass</code><p>This seems to involve three levels of nested functions. Can someone break down the execution flow step by step? How does Python handle the difference between @my_decorator and @my_decorator(args)?</p><p>I am particularly confused about how functools.wraps plays into this and why it is recommended. A clear example with the execution order would be very helpful.</p>",<python><decorators><functions><metaprogramming>,2020-05-16,HQ
956,MySQL query not returning expected results,<p>I have a MySQL query that should return all users who signed up last month but it returns nothing. Here is my query:</p><code>SELECT * FROM users WHERE signup_date > '2024-01-01';</code><p>The table has data. What could be wrong?</p>,<mysql><sql><query>,2020-03-09,LQ_EDIT
1258,python - variant 258,<p>how to learn python fast</p>,<python>,2020-08-11,LQ_CLOSE
580,CSS flexbox not centering my div (approach 80),"<p>I am trying to center a div using flexbox but it is not working. Here is my code:</p><code>.container {
  display: flex;
  justify-content: center;
}</code><p>The div still appears on the left side. What am I doing wrong?</p>",<css><flexbox><html><centering>,2020-01-06,LQ_EDIT
504,Git merge conflict - how to resolve? (approach 4),"<p>I got a merge conflict when trying to merge my branch into main. The file shows these markers:</p><code><<<<<<< HEAD
my changes
=======
their changes
>>>>>>> feature-branch</code><p>How do I properly resolve this?</p>",<git><merge-conflict><version-control>,2020-09-10,LQ_EDIT
105,Understanding Python decorators with arguments - how do they work internally? (approach 105),"<p>I understand basic Python decorators, but I am struggling with decorators that accept arguments. For example:</p><code>@my_decorator(arg1, arg2)
def my_function():
    pass</code><p>This seems to involve three levels of nested functions. Can someone break down the execution flow step by step? How does Python handle the difference between @my_decorator and @my_decorator(args)?</p><p>I am particularly confused about how functools.wraps plays into this and why it is recommended. A clear example with the execution order would be very helpful.</p>",<python><decorators><functions><metaprogramming>,2020-10-12,HQ
200,Best practices for database indexing in PostgreSQL for query optimization?,"<p>I have a PostgreSQL database with a table containing about 50 million rows. My queries are becoming slow, especially those with WHERE clauses on multiple columns and JOIN operations.</p><p>Current table structure:</p><code>CREATE TABLE orders (
    id SERIAL PRIMARY KEY,
    customer_id INT,
    product_id INT,
    order_date TIMESTAMP,
    total_amount DECIMAL(10,2),
    status VARCHAR(20)
);</code><p>I frequently query by customer_id, order_date ranges, and status. Should I create composite indexes? What is the impact on INSERT performance? How do I use EXPLAIN ANALYZE to identify bottlenecks?</p>",<postgresql><database><indexing><query-optimization><performance>,2020-06-22,HQ
129,Efficient way to find duplicates in a large list using Python?,"<p>I have a list of approximately 10 million strings and need to find all duplicate entries efficiently. My current approach uses a nested loop which has O(n^2) time complexity and takes too long.</p><p>Current approach:</p><code>duplicates = []
for i in range(len(data)):
    for j in range(i+1, len(data)):
        if data[i] == data[j]:
            duplicates.append(data[i])</code><p>I have considered using a set or dictionary for O(n) lookup. What would be the most memory-efficient approach for this scale of data? Should I consider using pandas or numpy for better performance?</p>",<python><performance><algorithms><duplicates><large-dataset>,2020-07-15,HQ
932,How to read a file in Java? - variant 432,"<p>I need to read a text file in Java. I found several ways to do it (BufferedReader, Scanner, Files.readAllLines) but I am not sure which one to use. Can someone suggest the best approach for reading a large text file line by line?</p>",<java><file-io><reading>,2020-02-06,LQ_EDIT
555,Git merge conflict - how to resolve?,"<p>I got a merge conflict when trying to merge my branch into main. The file shows these markers:</p><code><<<<<<< HEAD
my changes
=======
their changes
>>>>>>> feature-branch</code><p>How do I properly resolve this?</p>",<git><merge-conflict><version-control>,2020-01-13,LQ_EDIT
280,Understanding Python decorators with arguments - how do they work internally?,"<p>I understand basic Python decorators, but I am struggling with decorators that accept arguments. For example:</p><code>@my_decorator(arg1, arg2)
def my_function():
    pass</code><p>This seems to involve three levels of nested functions. Can someone break down the execution flow step by step? How does Python handle the difference between @my_decorator and @my_decorator(args)?</p><p>I am particularly confused about how functools.wraps plays into this and why it is recommended. A clear example with the execution order would be very helpful.</p>",<python><decorators><functions><metaprogramming>,2020-04-14,HQ
1006,python (approach 6),<p>how to learn python fast</p>,<python>,2020-10-21,LQ_CLOSE
715,CSS flexbox not centering my div,"<p>I am trying to center a div using flexbox but it is not working. Here is my code:</p><code>.container {
  display: flex;
  justify-content: center;
}</code><p>The div still appears on the left side. What am I doing wrong?</p>",<css><flexbox><html><centering>,2020-03-15,LQ_EDIT
1384,code not working (approach 384),<p>i wrote some code but it doesnt work. can someone fix it for me?</p>,<python>,2020-05-14,LQ_CLOSE
277,Understanding Python decorators with arguments - how do they work internally?,"<p>I understand basic Python decorators, but I am struggling with decorators that accept arguments. For example:</p><code>@my_decorator(arg1, arg2)
def my_function():
    pass</code><p>This seems to involve three levels of nested functions. Can someone break down the execution flow step by step? How does Python handle the difference between @my_decorator and @my_decorator(args)?</p><p>I am particularly confused about how functools.wraps plays into this and why it is recommended. A clear example with the execution order would be very helpful.</p>",<python><decorators><functions><metaprogramming>,2020-11-16,HQ
922,MySQL query not returning expected results,<p>I have a MySQL query that should return all users who signed up last month but it returns nothing. Here is my query:</p><code>SELECT * FROM users WHERE signup_date > '2024-01-01';</code><p>The table has data. What could be wrong?</p>,<mysql><sql><query>,2020-05-18,LQ_EDIT
687,React component not re-rendering when state changes,"<p>My React component is not re-rendering when I update the state. I am using useState but the UI does not reflect the change.</p><code>const [items, setItems] = useState([1,2,3]);
items.push(4);
setItems(items);</code><p>Why is the component not updating?</p>",<react><state><re-render><hooks>,2020-12-11,LQ_EDIT
1486,need project [486],<p>can someone give me a python project for my college assignment? it should be easy and about machine learning</p>,<python><machine-learning><project>,2020-08-21,LQ_CLOSE
1228,help plz [228],<p>my code doesnt work</p>,<python>,2020-11-22,LQ_CLOSE
319,How to handle CORS errors in a React app calling a REST API? [319],"<p>I am building a React frontend that calls a Node.js Express backend API. When I make fetch requests from my React app (running on localhost:3000) to my API (running on localhost:5000), I get the following error:</p><code>Access to fetch at 'http://localhost:5000/api/data' from origin 'http://localhost:3000' has been blocked by CORS policy</code><p>I have tried adding the cors middleware to my Express server but the error persists. Here is my Express configuration:</p><code>const cors = require('cors');
app.use(cors());</code><p>What am I missing? Is there a way to configure CORS headers properly for both development and production environments?</p>",<javascript><react><cors><express><rest-api>,2020-12-23,HQ
63,How to properly implement authentication with JWT tokens in a Node.js API? [63],"<p>I am building a REST API with Node.js and Express, and I want to implement JWT-based authentication. I have a few concerns about security best practices:</p><p>1. Should I store the JWT in localStorage, sessionStorage, or an HTTP-only cookie?</p><p>2. How should I handle token refresh to maintain user sessions without forcing re-login?</p><p>3. What claims should I include in the payload?</p><p>Here is my current token generation:</p><code>const jwt = require('jsonwebtoken');
const token = jwt.sign({ userId: user.id }, process.env.SECRET, { expiresIn: '1h' });</code><p>Is a 1-hour expiration reasonable? How do I securely implement refresh tokens?</p>",<node.js><jwt><authentication><security><express>,2020-02-17,HQ
325,How to handle CORS errors in a React app calling a REST API? (approach 325),"<p>I am building a React frontend that calls a Node.js Express backend API. When I make fetch requests from my React app (running on localhost:3000) to my API (running on localhost:5000), I get the following error:</p><code>Access to fetch at 'http://localhost:5000/api/data' from origin 'http://localhost:3000' has been blocked by CORS policy</code><p>I have tried adding the cors middleware to my Express server but the error persists. Here is my Express configuration:</p><code>const cors = require('cors');
app.use(cors());</code><p>What am I missing? Is there a way to configure CORS headers properly for both development and production environments?</p>",<javascript><react><cors><express><rest-api>,2020-10-20,HQ
233,Efficient way to find duplicates in a large list using Python? [233],"<p>I have a list of approximately 10 million strings and need to find all duplicate entries efficiently. My current approach uses a nested loop which has O(n^2) time complexity and takes too long.</p><p>Current approach:</p><code>duplicates = []
for i in range(len(data)):
    for j in range(i+1, len(data)):
        if data[i] == data[j]:
            duplicates.append(data[i])</code><p>I have considered using a set or dictionary for O(n) lookup. What would be the most memory-efficient approach for this scale of data? Should I consider using pandas or numpy for better performance?</p>",<python><performance><algorithms><duplicates><large-dataset>,2020-05-01,HQ
170,Best practices for database indexing in PostgreSQL for query optimization?,"<p>I have a PostgreSQL database with a table containing about 50 million rows. My queries are becoming slow, especially those with WHERE clauses on multiple columns and JOIN operations.</p><p>Current table structure:</p><code>CREATE TABLE orders (
    id SERIAL PRIMARY KEY,
    customer_id INT,
    product_id INT,
    order_date TIMESTAMP,
    total_amount DECIMAL(10,2),
    status VARCHAR(20)
);</code><p>I frequently query by customer_id, order_date ranges, and status. Should I create composite indexes? What is the impact on INSERT performance? How do I use EXPLAIN ANALYZE to identify bottlenecks?</p>",<postgresql><database><indexing><query-optimization><performance>,2020-07-09,HQ
1360,code not working (approach 360),<p>i wrote some code but it doesnt work. can someone fix it for me?</p>,<python>,2020-04-02,LQ_CLOSE
158,How to implement a binary search tree in Python with O(log n) lookup? [158],"<p>I am working on a data structures course and need to implement a binary search tree (BST) in Python. I need the tree to support insertion, deletion, and lookup operations with O(log n) average time complexity.</p><p>Here is what I have so far:</p><code>class Node:
    def __init__(self, key):
        self.left = None
        self.right = None
        self.val = key</code><p>How can I implement the lookup method efficiently? I have read about balanced BSTs like AVL trees - would that be necessary for guaranteed O(log n)?</p>",<python><data-structures><binary-search-tree><algorithm>,2020-08-23,HQ
785,How to read a file in Java?,"<p>I need to read a text file in Java. I found several ways to do it (BufferedReader, Scanner, Files.readAllLines) but I am not sure which one to use. Can someone suggest the best approach for reading a large text file line by line?</p>",<java><file-io><reading>,2020-07-15,LQ_EDIT
249,How to properly implement authentication with JWT tokens in a Node.js API? [249],"<p>I am building a REST API with Node.js and Express, and I want to implement JWT-based authentication. I have a few concerns about security best practices:</p><p>1. Should I store the JWT in localStorage, sessionStorage, or an HTTP-only cookie?</p><p>2. How should I handle token refresh to maintain user sessions without forcing re-login?</p><p>3. What claims should I include in the payload?</p><p>Here is my current token generation:</p><code>const jwt = require('jsonwebtoken');
const token = jwt.sign({ userId: user.id }, process.env.SECRET, { expiresIn: '1h' });</code><p>Is a 1-hour expiration reasonable? How do I securely implement refresh tokens?</p>",<node.js><jwt><authentication><security><express>,2020-01-21,HQ
84,How to properly implement authentication with JWT tokens in a Node.js API?,"<p>I am building a REST API with Node.js and Express, and I want to implement JWT-based authentication. I have a few concerns about security best practices:</p><p>1. Should I store the JWT in localStorage, sessionStorage, or an HTTP-only cookie?</p><p>2. How should I handle token refresh to maintain user sessions without forcing re-login?</p><p>3. What claims should I include in the payload?</p><p>Here is my current token generation:</p><code>const jwt = require('jsonwebtoken');
const token = jwt.sign({ userId: user.id }, process.env.SECRET, { expiresIn: '1h' });</code><p>Is a 1-hour expiration reasonable? How do I securely implement refresh tokens?</p>",<node.js><jwt><authentication><security><express>,2020-02-16,HQ
7,How to handle CORS errors in a React app calling a REST API?,"<p>I am building a React frontend that calls a Node.js Express backend API. When I make fetch requests from my React app (running on localhost:3000) to my API (running on localhost:5000), I get the following error:</p><code>Access to fetch at 'http://localhost:5000/api/data' from origin 'http://localhost:3000' has been blocked by CORS policy</code><p>I have tried adding the cors middleware to my Express server but the error persists. Here is my Express configuration:</p><code>const cors = require('cors');
app.use(cors());</code><p>What am I missing? Is there a way to configure CORS headers properly for both development and production environments?</p>",<javascript><react><cors><express><rest-api>,2020-12-08,HQ
1445,plz send me the code,<p>i need to make a website. can someone send me the full code? i dont know html</p>,<html><website>,2020-08-20,LQ_CLOSE
153,Efficient way to find duplicates in a large list using Python? [153],"<p>I have a list of approximately 10 million strings and need to find all duplicate entries efficiently. My current approach uses a nested loop which has O(n^2) time complexity and takes too long.</p><p>Current approach:</p><code>duplicates = []
for i in range(len(data)):
    for j in range(i+1, len(data)):
        if data[i] == data[j]:
            duplicates.append(data[i])</code><p>I have considered using a set or dictionary for O(n) lookup. What would be the most memory-efficient approach for this scale of data? Should I consider using pandas or numpy for better performance?</p>",<python><performance><algorithms><duplicates><large-dataset>,2020-08-27,HQ
1394,error [394],<p>getting an error. why?</p>,,2020-01-23,LQ_CLOSE
92,How to properly implement authentication with JWT tokens in a Node.js API?,"<p>I am building a REST API with Node.js and Express, and I want to implement JWT-based authentication. I have a few concerns about security best practices:</p><p>1. Should I store the JWT in localStorage, sessionStorage, or an HTTP-only cookie?</p><p>2. How should I handle token refresh to maintain user sessions without forcing re-login?</p><p>3. What claims should I include in the payload?</p><p>Here is my current token generation:</p><code>const jwt = require('jsonwebtoken');
const token = jwt.sign({ userId: user.id }, process.env.SECRET, { expiresIn: '1h' });</code><p>Is a 1-hour expiration reasonable? How do I securely implement refresh tokens?</p>",<node.js><jwt><authentication><security><express>,2020-06-28,HQ
818,React component not re-rendering when state changes - variant 318,"<p>My React component is not re-rendering when I update the state. I am using useState but the UI does not reflect the change.</p><code>const [items, setItems] = useState([1,2,3]);
items.push(4);
setItems(items);</code><p>Why is the component not updating?</p>",<react><state><re-render><hooks>,2020-08-10,LQ_EDIT
405,What is the difference between == and === operators in JavaScript?,"<p>I have been learning JavaScript and encountered both == and === operators. I understand that == checks for equality while === checks for strict equality, but I am confused about when to use each one.</p><p>For example:</p><code>console.log(1 == '1');  // true
console.log(1 === '1'); // false</code><p>Can someone explain the type coercion rules that == follows? Are there any best practices for which one to use in production code?</p>",<javascript><operators><comparison><type-coercion>,2020-08-22,HQ
628,Git merge conflict - how to resolve? (approach 128),"<p>I got a merge conflict when trying to merge my branch into main. The file shows these markers:</p><code><<<<<<< HEAD
my changes
=======
their changes
>>>>>>> feature-branch</code><p>How do I properly resolve this?</p>",<git><merge-conflict><version-control>,2020-03-24,LQ_EDIT
768,CSS flexbox not centering my div - variant 268,"<p>I am trying to center a div using flexbox but it is not working. Here is my code:</p><code>.container {
  display: flex;
  justify-content: center;
}</code><p>The div still appears on the left side. What am I doing wrong?</p>",<css><flexbox><html><centering>,2020-09-06,LQ_EDIT
479,How does garbage collection work in Java and when does it run? - variant 479,"<p>I am trying to understand Java's garbage collection mechanism. Specifically, I want to know:</p><p>1. How does the JVM decide which objects are eligible for garbage collection?</p><p>2. What are the different garbage collection algorithms available (Serial, Parallel, G1, ZGC)?</p><p>3. Can I force garbage collection to run, or is it always at the JVM's discretion?</p><p>I have read that calling System.gc() is just a suggestion to the JVM. In a production environment with high memory usage, what GC tuning parameters should I consider?</p>",<java><garbage-collection><jvm><memory-management><performance>,2020-05-16,HQ
614,Python error: list index out of range,"<p>I keep getting an IndexError when I try to access elements in my list. My code loops through a list and tries to access the next element:</p><code>for i in range(len(my_list)):
    print(my_list[i+1])</code><p>Why does this happen and how do I fix it?</p>",<python><error><list><indexerror>,2020-01-02,LQ_EDIT
756,How to read a file in Java? - variant 256,"<p>I need to read a text file in Java. I found several ways to do it (BufferedReader, Scanner, Files.readAllLines) but I am not sure which one to use. Can someone suggest the best approach for reading a large text file line by line?</p>",<java><file-io><reading>,2020-12-21,LQ_EDIT
444,How does garbage collection work in Java and when does it run? [444],"<p>I am trying to understand Java's garbage collection mechanism. Specifically, I want to know:</p><p>1. How does the JVM decide which objects are eligible for garbage collection?</p><p>2. What are the different garbage collection algorithms available (Serial, Parallel, G1, ZGC)?</p><p>3. Can I force garbage collection to run, or is it always at the JVM's discretion?</p><p>I have read that calling System.gc() is just a suggestion to the JVM. In a production environment with high memory usage, what GC tuning parameters should I consider?</p>",<java><garbage-collection><jvm><memory-management><performance>,2020-10-18,HQ
543,Git merge conflict - how to resolve? [43],"<p>I got a merge conflict when trying to merge my branch into main. The file shows these markers:</p><code><<<<<<< HEAD
my changes
=======
their changes
>>>>>>> feature-branch</code><p>How do I properly resolve this?</p>",<git><merge-conflict><version-control>,2020-07-23,LQ_EDIT
790,How to read a file in Java? (approach 290),"<p>I need to read a text file in Java. I found several ways to do it (BufferedReader, Scanner, Files.readAllLines) but I am not sure which one to use. Can someone suggest the best approach for reading a large text file line by line?</p>",<java><file-io><reading>,2020-06-22,LQ_EDIT
874,MySQL query not returning expected results,<p>I have a MySQL query that should return all users who signed up last month but it returns nothing. Here is my query:</p><code>SELECT * FROM users WHERE signup_date > '2024-01-01';</code><p>The table has data. What could be wrong?</p>,<mysql><sql><query>,2020-04-17,LQ_EDIT
965,Python error: list index out of range,"<p>I keep getting an IndexError when I try to access elements in my list. My code loops through a list and tries to access the next element:</p><code>for i in range(len(my_list)):
    print(my_list[i+1])</code><p>Why does this happen and how do I fix it?</p>",<python><error><list><indexerror>,2020-03-22,LQ_EDIT
29,What is the difference between == and === operators in JavaScript? (approach 29),"<p>I have been learning JavaScript and encountered both == and === operators. I understand that == checks for equality while === checks for strict equality, but I am confused about when to use each one.</p><p>For example:</p><code>console.log(1 == '1');  // true
console.log(1 === '1'); // false</code><p>Can someone explain the type coercion rules that == follows? Are there any best practices for which one to use in production code?</p>",<javascript><operators><comparison><type-coercion>,2020-08-20,HQ
494,Understanding Python decorators with arguments - how do they work internally?,"<p>I understand basic Python decorators, but I am struggling with decorators that accept arguments. For example:</p><code>@my_decorator(arg1, arg2)
def my_function():
    pass</code><p>This seems to involve three levels of nested functions. Can someone break down the execution flow step by step? How does Python handle the difference between @my_decorator and @my_decorator(args)?</p><p>I am particularly confused about how functools.wraps plays into this and why it is recommended. A clear example with the execution order would be very helpful.</p>",<python><decorators><functions><metaprogramming>,2020-07-17,HQ
110,What is the difference between == and === operators in JavaScript?,"<p>I have been learning JavaScript and encountered both == and === operators. I understand that == checks for equality while === checks for strict equality, but I am confused about when to use each one.</p><p>For example:</p><code>console.log(1 == '1');  // true
console.log(1 === '1'); // false</code><p>Can someone explain the type coercion rules that == follows? Are there any best practices for which one to use in production code?</p>",<javascript><operators><comparison><type-coercion>,2020-12-10,HQ
1412,error - variant 412,<p>getting an error. why?</p>,,2020-09-02,LQ_CLOSE
655,MySQL query not returning expected results [155],<p>I have a MySQL query that should return all users who signed up last month but it returns nothing. Here is my query:</p><code>SELECT * FROM users WHERE signup_date > '2024-01-01';</code><p>The table has data. What could be wrong?</p>,<mysql><sql><query>,2020-02-25,LQ_EDIT
540,CSS flexbox not centering my div,"<p>I am trying to center a div using flexbox but it is not working. Here is my code:</p><code>.container {
  display: flex;
  justify-content: center;
}</code><p>The div still appears on the left side. What am I doing wrong?</p>",<css><flexbox><html><centering>,2020-05-02,LQ_EDIT
348,Efficient way to find duplicates in a large list using Python? [348],"<p>I have a list of approximately 10 million strings and need to find all duplicate entries efficiently. My current approach uses a nested loop which has O(n^2) time complexity and takes too long.</p><p>Current approach:</p><code>duplicates = []
for i in range(len(data)):
    for j in range(i+1, len(data)):
        if data[i] == data[j]:
            duplicates.append(data[i])</code><p>I have considered using a set or dictionary for O(n) lookup. What would be the most memory-efficient approach for this scale of data? Should I consider using pandas or numpy for better performance?</p>",<python><performance><algorithms><duplicates><large-dataset>,2020-10-02,HQ
365,Understanding Python decorators with arguments - how do they work internally? - variant 365,"<p>I understand basic Python decorators, but I am struggling with decorators that accept arguments. For example:</p><code>@my_decorator(arg1, arg2)
def my_function():
    pass</code><p>This seems to involve three levels of nested functions. Can someone break down the execution flow step by step? How does Python handle the difference between @my_decorator and @my_decorator(args)?</p><p>I am particularly confused about how functools.wraps plays into this and why it is recommended. A clear example with the execution order would be very helpful.</p>",<python><decorators><functions><metaprogramming>,2020-11-06,HQ
1376,help plz,<p>my code doesnt work</p>,<python>,2020-05-07,LQ_CLOSE
931,MySQL query not returning expected results [431],<p>I have a MySQL query that should return all users who signed up last month but it returns nothing. Here is my query:</p><code>SELECT * FROM users WHERE signup_date > '2024-01-01';</code><p>The table has data. What could be wrong?</p>,<mysql><sql><query>,2020-04-24,LQ_EDIT
1286,python (approach 286),<p>how to learn python fast</p>,<python>,2020-12-15,LQ_CLOSE
986,Docker container exits immediately after starting,<p>My Docker container starts and then immediately exits. I am running:</p><code>docker run my-app</code><p>When I check the logs there is nothing useful. The Dockerfile uses a Python base image. What could cause this behavior?</p>,<docker><container><python>,2020-02-13,LQ_EDIT
875,Python error: list index out of range [375],"<p>I keep getting an IndexError when I try to access elements in my list. My code loops through a list and tries to access the next element:</p><code>for i in range(len(my_list)):
    print(my_list[i+1])</code><p>Why does this happen and how do I fix it?</p>",<python><error><list><indexerror>,2020-07-19,LQ_EDIT
